OH314
1 Cl 
26  21
-7.00000   -5.00000   -4.00000   -3.00000   -2.00000   -1.50000   -1.00000   -0.50000   0.00000   0.50000   1.00000   1.50000   2.00000   2.50000   3.00000   3.50000   4.00000   4.50000   5.00000   6.00000   7.00000   8.00000   9.00000   10.00000   12.00000   14.00000   
0.2   0.22   0.24   0.26   0.28   0.3   0.32   0.34   0.36   0.38   0.4   0.42   0.44   0.46   0.48   0.5   0.52   0.54   0.56   0.58   0.6   
-0.443  -0.446  -0.449  -0.453  -0.457  -0.461  -0.466  -0.471  -0.476  -0.482  -0.489  -0.496  -0.504  -0.513  -0.523  -0.534  -0.547  -0.561  -0.574  -0.584  -0.585  
-0.209  -0.210  -0.212  -0.214  -0.217  -0.220  -0.223  -0.226  -0.229  -0.233  -0.237  -0.241  -0.246  -0.252  -0.257  -0.264  -0.271  -0.279  -0.288  -0.299  -0.312  
-0.088  -0.089  -0.090  -0.092  -0.094  -0.096  -0.098  -0.100  -0.103  -0.105  -0.108  -0.111  -0.115  -0.118  -0.122  -0.126  -0.131  -0.137  -0.142  -0.149  -0.157  
0.0327  0.0319  0.0309  0.0297  0.0285  0.0272  0.0258  0.0244  0.0229  0.0213  0.0196  0.0179  0.0160  0.0140  0.0119  0.0096  0.0071  0.0043  0.0013  -0.002  -0.006  
0.1504  0.1501  0.1496  0.1491  0.1485  0.1479  0.1473  0.1467  0.1462  0.1456  0.1451  0.1446  0.1441  0.1437  0.1432  0.1428  0.1423  0.1419  0.1415  0.1410  0.1406  
0.2107  0.2106  0.2103  0.2101  0.2098  0.2095  0.2093  0.2091  0.2090  0.2090  0.2090  0.2091  0.2093  0.2096  0.2100  0.2105  0.2111  0.2118  0.2127  0.2137  0.2149  
0.2711  0.2711  0.2710  0.2710  0.2710  0.2710  0.2712  0.2714  0.2717  0.2722  0.2728  0.2735  0.2744  0.2754  0.2766  0.2780  0.2797  0.2815  0.2837  0.2862  0.2891  
0.3333  0.3325  0.3321  0.3320  0.3322  0.3325  0.3329  0.3335  0.3343  0.3353  0.3364  0.3377  0.3393  0.3410  0.3431  0.3454  0.3480  0.3510  0.3544  0.3584  0.3629  
0.3903  0.3898  0.3897  0.3899  0.3903  0.3910  0.3919  0.3929  0.3941  0.3956  0.3973  0.3992  0.4014  0.4039  0.4067  0.4099  0.4135  0.4175  0.4222  0.4274  0.4335  
0.4447  0.4454  0.4462  0.4471  0.4481  0.4492  0.4505  0.4520  0.4537  0.4557  0.4579  0.4604  0.4633  0.4665  0.4701  0.4741  0.4787  0.4838  0.4897  0.4963  0.5040  
0.5039  0.5051  0.5062  0.5073  0.5086  0.5101  0.5118  0.5137  0.5158  0.5183  0.5210  0.5241  0.5276  0.5316  0.5360  0.5409  0.5465  0.5528  0.5599  0.5680  0.5775  
0.5634  0.5648  0.5661  0.5675  0.5691  0.5709  0.5729  0.5752  0.5777  0.5807  0.5839  0.5876  0.5918  0.5965  0.6017  0.6075  0.6141  0.6215  0.6299  0.6396  0.6508  
0.6228  0.6243  0.6259  0.6275  0.6294  0.6315  0.6338  0.6365  0.6395  0.6429  0.6467  0.6509  0.6557  0.6611  0.6671  0.6738  0.6814  0.6900  0.6998  0.7110  0.7242  
0.6820  0.6837  0.6855  0.6874  0.6895  0.6918  0.6945  0.6975  0.7010  0.7048  0.7091  0.7140  0.7194  0.7255  0.7323  0.7399  0.7485  0.7583  0.7694  0.7823  0.7975  
0.7409  0.7428  0.7448  0.7469  0.7493  0.7519  0.7550  0.7583  0.7622  0.7665  0.7713  0.7767  0.7828  0.7896  0.7972  0.8057  0.8154  0.8263  0.8388  0.8535  0.8704  
0.7997  0.8017  0.8039  0.8062  0.8089  0.8118  0.8151  0.8189  0.8231  0.8279  0.8332  0.8392  0.8458  0.8533  0.8618  0.8712  0.8819  0.8941  0.9081  0.9246  0.9408  
0.8581  0.8603  0.8627  0.8653  0.8681  0.8714  0.8750  0.8791  0.8837  0.8889  0.8947  0.9012  0.9086  0.9168  0.9260  0.9363  0.9481  0.9615  0.9771  0.9947  1.0071  
0.9162  0.9187  0.9212  0.9240  0.9271  0.9306  0.9345  0.9390  0.9440  0.9496  0.9559  0.9630  0.9709  0.9798  0.9898  1.0011  1.0139  1.0287  1.0459  1.0618  1.0681  
0.9740  0.9766  0.9794  0.9823  0.9857  0.9894  0.9937  0.9984  1.0038  1.0099  1.0166  1.0242  1.0328  1.0424  1.0532  1.0654  1.0794  1.0955  1.1133  1.1245  1.1191  
1.0854  1.0884  1.0916  1.0950  1.0989  1.1032  1.1080  1.1135  1.1196  1.1265  1.1342  1.1429  1.1527  1.1636  1.1761  1.1902  1.2065  1.2242  1.2340  1.2278  1.1851  
1.1976  1.2010  1.2046  1.2085  1.2127  1.2176  1.2229  1.2290  1.2358  1.2434  1.2520  1.2617  1.2726  1.2849  1.2989  1.3151  1.3324  1.3407  1.3291  1.2783  1.1795  
1.3081  1.3119  1.3157  1.3199  1.3245  1.3297  1.3355  1.3420  1.3494  1.3576  1.3670  1.3775  1.3895  1.4031  1.4188  1.4355  1.4422  1.4256  1.3684  1.2571  1.1370  
1.4161  1.4200  1.4241  1.4285  1.4334  1.4388  1.4449  1.4518  1.4595  1.4683  1.4782  1.4895  1.5023  1.5172  1.5341  1.5390  1.5191  1.4555  1.3336  1.1961  1.0808  
1.5207  1.5249  1.5291  1.5336  1.5386  1.5441  1.5503  1.5573  1.5652  1.5741  1.5836  1.5939  1.6065  1.6211  1.6257  1.6055  1.5372  1.4076  1.2558  1.1410  1.0435  
1.7134  1.7176  1.7217  1.7260  1.7306  1.7352  1.7390  1.7389  1.7320  1.7214  1.7135  1.7114  1.7089  1.6887  1.6034  1.4411  1.3460  1.2518  1.1437  1.0811  1.0646  
1.8879  1.8913  1.8939  1.8955  1.8909  1.8685  1.8221  1.7567  1.6921  1.6423  1.6049  1.5570  1.4529  1.3380  1.2909  1.2471  1.1989  1.1205  1.0948  1.0678  1.0271  
9 
  30.00000  40.00000  60.00000  80.00000 100.00000 120.00000 140.00000 160.00000 180.00000 
   0.80000   0.80000   0.60000   0.20000  -0.39332  -0.99593  -1.13253  -0.73921   0.00000 
9 
-180.00000-160.00000-140.00000-120.00000-100.00000 -80.00000 -60.00000 -40.00000 -30.00000 
  0.00000   0.73921   1.13253   0.99593   0.39332  -0.39332  -0.99593  -1.13253  -0.99593  
1 Cd 
26  21
-7.00000   -5.00000   -4.00000   -3.00000   -2.00000   -1.50000   -1.00000   -0.50000   0.00000   0.50000   1.00000   1.50000   2.00000   2.50000   3.00000   3.50000   4.00000   4.50000   5.00000   6.00000   7.00000   8.00000   9.00000   10.00000   12.00000   14.00000   
0.2   0.22   0.24   0.26   0.28   0.3   0.32   0.34   0.36   0.38   0.4   0.42   0.44   0.46   0.48   0.5   0.52   0.54   0.56   0.58   0.6   
0.0094  0.0097  0.0100  0.0103  0.0107  0.0111  0.0115  0.0119  0.0123  0.0127  0.0131  0.0136  0.0140  0.0145  0.0150  0.0156  0.0163  0.0177  0.0207  0.0263  0.0355  
0.0079  0.0082  0.0085  0.0089  0.0092  0.0095  0.0099  0.0102  0.0106  0.0110  0.0113  0.0117  0.0121  0.0125  0.0129  0.0133  0.0137  0.0141  0.0146  0.0151  0.0160  
0.0076  0.0079  0.0082  0.0085  0.0088  0.0092  0.0095  0.0098  0.0102  0.0105  0.0109  0.0112  0.0116  0.0120  0.0123  0.0127  0.0131  0.0135  0.0139  0.0143  0.0148  
0.0073  0.0076  0.0079  0.0082  0.0086  0.0089  0.0092  0.0096  0.0099  0.0102  0.0106  0.0109  0.0113  0.0116  0.0120  0.0123  0.0127  0.0131  0.0134  0.0138  0.0142  
0.0072  0.0075  0.0078  0.0081  0.0085  0.0088  0.0091  0.0095  0.0098  0.0102  0.0105  0.0108  0.0112  0.0115  0.0119  0.0122  0.0126  0.0129  0.0133  0.0137  0.0141  
0.0072  0.0075  0.0078  0.0081  0.0084  0.0088  0.0091  0.0095  0.0098  0.0101  0.0105  0.0108  0.0112  0.0115  0.0119  0.0122  0.0126  0.0129  0.0133  0.0137  0.0141  
0.0072  0.0075  0.0078  0.0081  0.0085  0.0088  0.0091  0.0095  0.0098  0.0102  0.0105  0.0109  0.0112  0.0116  0.0119  0.0123  0.0126  0.0130  0.0133  0.0137  0.0141  
0.0072  0.0075  0.0078  0.0081  0.0085  0.0088  0.0092  0.0095  0.0099  0.0102  0.0106  0.0109  0.0113  0.0116  0.0120  0.0123  0.0127  0.0131  0.0134  0.0138  0.0142  
0.0074  0.0077  0.0080  0.0083  0.0087  0.0090  0.0094  0.0097  0.0101  0.0104  0.0108  0.0111  0.0115  0.0119  0.0122  0.0126  0.0130  0.0134  0.0137  0.0142  0.0146  
0.0075  0.0079  0.0082  0.0085  0.0089  0.0092  0.0096  0.0100  0.0103  0.0107  0.0111  0.0114  0.0118  0.0122  0.0125  0.0129  0.0133  0.0137  0.0141  0.0146  0.0150  
0.0077  0.0080  0.0083  0.0087  0.0090  0.0094  0.0098  0.0101  0.0105  0.0109  0.0112  0.0116  0.0120  0.0124  0.0128  0.0132  0.0136  0.0140  0.0144  0.0149  0.0154  
0.0078  0.0082  0.0085  0.0089  0.0092  0.0096  0.0100  0.0103  0.0107  0.0111  0.0115  0.0119  0.0123  0.0126  0.0131  0.0135  0.0139  0.0143  0.0148  0.0153  0.0158  
0.0080  0.0083  0.0087  0.0090  0.0094  0.0098  0.0102  0.0106  0.0109  0.0113  0.0117  0.0121  0.0125  0.0129  0.0134  0.0138  0.0142  0.0147  0.0152  0.0157  0.0163  
0.0082  0.0085  0.0089  0.0093  0.0096  0.0100  0.0104  0.0108  0.0112  0.0116  0.0120  0.0124  0.0129  0.0133  0.0137  0.0142  0.0146  0.0151  0.0156  0.0162  0.0168  
0.0084  0.0087  0.0091  0.0095  0.0099  0.0103  0.0107  0.0111  0.0115  0.0119  0.0123  0.0128  0.0132  0.0136  0.0141  0.0146  0.0151  0.0156  0.0162  0.0168  0.0177  
0.0086  0.0090  0.0093  0.0097  0.0101  0.0105  0.0110  0.0114  0.0118  0.0122  0.0127  0.0131  0.0136  0.0141  0.0145  0.0150  0.0156  0.0161  0.0167  0.0174  0.0191  
0.0088  0.0092  0.0096  0.0100  0.0104  0.0108  0.0113  0.0117  0.0122  0.0126  0.0131  0.0135  0.0140  0.0145  0.0150  0.0156  0.0161  0.0167  0.0174  0.0184  0.0215  
0.0091  0.0095  0.0099  0.0103  0.0107  0.0112  0.0116  0.0121  0.0125  0.0130  0.0135  0.0140  0.0145  0.0150  0.0155  0.0161  0.0167  0.0174  0.0181  0.0200  0.0251  
0.0094  0.0098  0.0102  0.0106  0.0111  0.0115  0.0120  0.0125  0.0130  0.0134  0.0139  0.0145  0.0150  0.0155  0.0161  0.0167  0.0174  0.0181  0.0192  0.0226  0.0297  
0.0105  0.0109  0.0114  0.0118  0.0123  0.0128  0.0133  0.0138  0.0143  0.0148  0.0154  0.0160  0.0166  0.0172  0.0179  0.0186  0.0194  0.0206  0.0242  0.0317  0.0423  
0.0114  0.0118  0.0123  0.0127  0.0132  0.0138  0.0143  0.0149  0.0155  0.0161  0.0167  0.0173  0.0180  0.0187  0.0195  0.0204  0.0216  0.0253  0.0330  0.0442  0.0569  
0.0123  0.0128  0.0133  0.0138  0.0144  0.0149  0.0155  0.0161  0.0168  0.0175  0.0182  0.0189  0.0197  0.0205  0.0215  0.0228  0.0264  0.0341  0.0458  0.0593  0.0730  
0.0134  0.0139  0.0144  0.0150  0.0156  0.0163  0.0169  0.0176  0.0184  0.0191  0.0199  0.0208  0.0217  0.0227  0.0239  0.0273  0.0351  0.0471  0.0616  0.0761  0.0878  
0.0147  0.0152  0.0158  0.0164  0.0171  0.0178  0.0186  0.0194  0.0202  0.0211  0.0221  0.0233  0.0246  0.0260  0.0293  0.0367  0.0485  0.0636  0.0791  0.0946  0.1089  
0.0196  0.0202  0.0208  0.0216  0.0224  0.0234  0.0246  0.0265  0.0291  0.0319  0.0347  0.0376  0.0416  0.0484  0.0602  0.0802  0.0955  0.1082  0.1247  0.1355  0.1605  
0.0245  0.0252  0.0261  0.0273  0.0294  0.0337  0.0402  0.0481  0.0557  0.0621  0.0681  0.0771  0.0949  0.1174  0.1296  0.1373  0.1441  0.1596  0.1799  0.1910  0.1917  
9 
  30.00000  40.00000  60.00000  80.00000 100.00000 120.00000 140.00000 160.00000 180.00000 
   0.76789   1.14216   1.70836   2.03144   2.11140   1.94824   1.54196   0.89256   0.00004
9 
-180.00000-160.00000-140.00000-120.00000-100.00000 -80.00000 -60.00000 -40.00000 -30.00000 
  0.00004   0.89256   1.54196   1.94824   2.11140   2.03144   1.70836   1.14216   0.76789  
1 Cm 
26  21
-7.00000   -5.00000   -4.00000   -3.00000   -2.00000   -1.50000   -1.00000   -0.50000   0.00000   0.50000   1.00000   1.50000   2.00000   2.50000   3.00000   3.50000   4.00000   4.50000   5.00000   6.00000   7.00000   8.00000   9.00000   10.00000   12.00000   14.00000   
0.2   0.22   0.24   0.26   0.28   0.3   0.32   0.34   0.36   0.38   0.4   0.42   0.44   0.46   0.48   0.5   0.52   0.54   0.56   0.58   0.6   
-0.086  -0.086  -0.086  -0.087  -0.087  -0.087  -0.088  -0.088  -0.089  -0.089  -0.090  -0.091  -0.092  -0.093  -0.094  -0.096  -0.097  -0.099  -0.101  -0.101  -0.094  
-0.089  -0.089  -0.089  -0.090  -0.090  -0.090  -0.091  -0.091  -0.091  -0.092  -0.092  -0.093  -0.094  -0.094  -0.095  -0.096  -0.097  -0.098  -0.100  -0.102  -0.104  
-0.090  -0.091  -0.091  -0.091  -0.091  -0.091  -0.092  -0.092  -0.093  -0.093  -0.093  -0.094  -0.095  -0.095  -0.096  -0.097  -0.098  -0.099  -0.100  -0.101  -0.103  
-0.092  -0.092  -0.092  -0.092  -0.092  -0.093  -0.093  -0.093  -0.094  -0.094  -0.095  -0.095  -0.096  -0.096  -0.097  -0.098  -0.099  -0.100  -0.101  -0.102  -0.103  
-0.093  -0.093  -0.093  -0.094  -0.094  -0.094  -0.094  -0.095  -0.095  -0.095  -0.096  -0.096  -0.097  -0.097  -0.098  -0.099  -0.100  -0.101  -0.102  -0.103  -0.104  
-0.094  -0.094  -0.094  -0.094  -0.094  -0.095  -0.095  -0.095  -0.095  -0.096  -0.096  -0.097  -0.097  -0.098  -0.099  -0.099  -0.100  -0.101  -0.102  -0.103  -0.104  
-0.094  -0.094  -0.094  -0.095  -0.095  -0.095  -0.095  -0.096  -0.096  -0.096  -0.097  -0.097  -0.098  -0.098  -0.099  -0.100  -0.100  -0.101  -0.102  -0.103  -0.104  
-0.095  -0.095  -0.095  -0.095  -0.095  -0.096  -0.096  -0.096  -0.096  -0.097  -0.097  -0.098  -0.098  -0.099  -0.099  -0.100  -0.101  -0.102  -0.103  -0.104  -0.105  
-0.096  -0.096  -0.096  -0.096  -0.096  -0.096  -0.096  -0.097  -0.097  -0.097  -0.098  -0.098  -0.099  -0.099  -0.100  -0.101  -0.101  -0.102  -0.103  -0.104  -0.105  
-0.096  -0.096  -0.096  -0.096  -0.096  -0.097  -0.097  -0.097  -0.097  -0.098  -0.098  -0.099  -0.099  -0.100  -0.100  -0.101  -0.102  -0.102  -0.103  -0.104  -0.105  
-0.096  -0.096  -0.097  -0.097  -0.097  -0.097  -0.097  -0.097  -0.098  -0.098  -0.098  -0.099  -0.099  -0.100  -0.100  -0.101  -0.102  -0.102  -0.103  -0.104  -0.105  
-0.097  -0.097  -0.097  -0.097  -0.097  -0.097  -0.098  -0.098  -0.098  -0.098  -0.099  -0.099  -0.100  -0.100  -0.101  -0.101  -0.102  -0.102  -0.103  -0.104  -0.105  
-0.097  -0.097  -0.097  -0.097  -0.098  -0.098  -0.098  -0.098  -0.098  -0.099  -0.099  -0.099  -0.100  -0.100  -0.101  -0.101  -0.102  -0.102  -0.103  -0.104  -0.104  
-0.097  -0.098  -0.098  -0.098  -0.098  -0.098  -0.098  -0.098  -0.099  -0.099  -0.099  -0.099  -0.100  -0.100  -0.101  -0.101  -0.101  -0.102  -0.102  -0.103  -0.103  
-0.098  -0.098  -0.098  -0.098  -0.098  -0.098  -0.098  -0.099  -0.099  -0.099  -0.099  -0.099  -0.100  -0.100  -0.100  -0.101  -0.101  -0.101  -0.102  -0.102  -0.102  
-0.098  -0.098  -0.098  -0.098  -0.098  -0.098  -0.098  -0.099  -0.099  -0.099  -0.099  -0.099  -0.100  -0.100  -0.100  -0.100  -0.100  -0.101  -0.101  -0.100  -0.099  
-0.098  -0.098  -0.098  -0.098  -0.098  -0.098  -0.099  -0.099  -0.099  -0.099  -0.099  -0.099  -0.099  -0.099  -0.099  -0.100  -0.100  -0.100  -0.099  -0.098  -0.097  
-0.098  -0.098  -0.099  -0.099  -0.099  -0.099  -0.099  -0.099  -0.099  -0.099  -0.099  -0.099  -0.099  -0.099  -0.099  -0.099  -0.099  -0.098  -0.097  -0.096  -0.094  
-0.099  -0.099  -0.099  -0.099  -0.098  -0.098  -0.098  -0.098  -0.098  -0.098  -0.098  -0.098  -0.098  -0.098  -0.098  -0.098  -0.097  -0.096  -0.095  -0.093  -0.092  
-0.099  -0.099  -0.099  -0.098  -0.098  -0.098  -0.098  -0.098  -0.098  -0.097  -0.097  -0.097  -0.097  -0.096  -0.096  -0.095  -0.094  -0.092  -0.089  -0.087  -0.087  
-0.098  -0.098  -0.098  -0.098  -0.098  -0.097  -0.097  -0.097  -0.096  -0.096  -0.095  -0.095  -0.094  -0.093  -0.092  -0.090  -0.088  -0.084  -0.081  -0.080  -0.086  
-0.098  -0.098  -0.097  -0.097  -0.097  -0.096  -0.096  -0.095  -0.094  -0.094  -0.093  -0.092  -0.090  -0.089  -0.087  -0.084  -0.079  -0.075  -0.074  -0.079  -0.089  
-0.097  -0.097  -0.096  -0.096  -0.095  -0.094  -0.094  -0.093  -0.092  -0.090  -0.089  -0.087  -0.085  -0.083  -0.079  -0.074  -0.069  -0.067  -0.073  -0.083  -0.092  
-0.095  -0.095  -0.094  -0.094  -0.093  -0.092  -0.091  -0.089  -0.088  -0.086  -0.084  -0.082  -0.079  -0.075  -0.069  -0.063  -0.061  -0.067  -0.078  -0.091  -0.102  
-0.092  -0.091  -0.090  -0.088  -0.087  -0.085  -0.083  -0.081  -0.077  -0.073  -0.068  -0.063  -0.058  -0.054  -0.055  -0.069  -0.078  -0.087  -0.100  -0.107  -0.129  
-0.085  -0.084  -0.082  -0.080  -0.077  -0.074  -0.070  -0.067  -0.065  -0.063  -0.062  -0.063  -0.074  -0.089  -0.096  -0.099  -0.101  -0.112  -0.126  -0.133  -0.131  
9 
  30.00000  40.00000  60.00000  80.00000 100.00000 120.00000 140.00000 160.00000 180.00000 
  -0.31161  -0.40043  -0.49436  -0.51722  -0.53691  -0.54630  -0.46468  -0.24998   0.00000 
9 
-180.00000-160.00000-140.00000-120.00000-100.00000 -80.00000 -60.00000 -40.00000 -30.00000 
   0.00000   0.24998   0.46468   0.54630   0.53691   0.51722   0.49436   0.40043   0.31161 
COEFFICIENT (C*L/NU)I0 (OU BIEN REYNOLDS/MACH) ............    10044612.7629
