OH310
1 Cl 
26  21
-7.00000   -5.00000   -4.00000   -3.00000   -2.00000   -1.50000   -1.00000   -0.50000   0.00000   0.50000   1.00000   1.50000   2.00000   2.50000   3.00000   3.50000   4.00000   4.50000   5.00000   6.00000   7.00000   8.00000   9.00000   10.00000   12.00000   14.00000   
0.2   0.22   0.24   0.26   0.28   0.3   0.32   0.34   0.36   0.38   0.4   0.42   0.44   0.46   0.48   0.5   0.52   0.54   0.56   0.58   0.6   
-0.432  -0.434  -0.437  -0.440  -0.444  -0.448  -0.453  -0.457  -0.463  -0.468  -0.475  -0.482  -0.490  -0.498  -0.507  -0.515  -0.523  -0.533  -0.543  -0.554  -0.562  
-0.202  -0.203  -0.205  -0.207  -0.209  -0.211  -0.214  -0.217  -0.220  -0.223  -0.227  -0.231  -0.235  -0.240  -0.245  -0.251  -0.257  -0.264  -0.273  -0.282  -0.293  
-0.083  -0.084  -0.085  -0.087  -0.089  -0.090  -0.092  -0.094  -0.096  -0.099  -0.101  -0.104  -0.107  -0.110  -0.113  -0.117  -0.121  -0.125  -0.130  -0.136  -0.142  
0.0344  0.0338  0.0330  0.0321  0.0311  0.0301  0.0289  0.0278  0.0266  0.0253  0.0240  0.0226  0.0211  0.0195  0.0179  0.0161  0.0142  0.0122  0.0099  0.0074  0.0046  
0.1497  0.1496  0.1493  0.1490  0.1486  0.1483  0.1479  0.1476  0.1473  0.1470  0.1468  0.1466  0.1465  0.1464  0.1463  0.1463  0.1463  0.1464  0.1466  0.1467  0.1470  
0.2087  0.2087  0.2087  0.2086  0.2086  0.2085  0.2085  0.2086  0.2088  0.2090  0.2093  0.2097  0.2102  0.2108  0.2116  0.2124  0.2134  0.2146  0.2159  0.2174  0.2191  
0.2677  0.2679  0.2680  0.2682  0.2684  0.2687  0.2691  0.2695  0.2701  0.2708  0.2717  0.2727  0.2738  0.2751  0.2767  0.2784  0.2803  0.2826  0.2850  0.2879  0.2911  
0.3279  0.3276  0.3276  0.3278  0.3282  0.3288  0.3295  0.3303  0.3313  0.3325  0.3339  0.3355  0.3373  0.3393  0.3416  0.3442  0.3471  0.3503  0.3540  0.3581  0.3628  
0.3838  0.3838  0.3841  0.3846  0.3853  0.3862  0.3873  0.3885  0.3900  0.3917  0.3936  0.3957  0.3981  0.4008  0.4039  0.4073  0.4111  0.4153  0.4201  0.4254  0.4315  
0.4379  0.4388  0.4398  0.4409  0.4420  0.4434  0.4449  0.4465  0.4485  0.4506  0.4531  0.4558  0.4588  0.4622  0.4660  0.4702  0.4749  0.4802  0.4860  0.4926  0.5001  
0.4960  0.4973  0.4985  0.4999  0.5013  0.5030  0.5048  0.5069  0.5093  0.5119  0.5149  0.5182  0.5219  0.5260  0.5305  0.5356  0.5412  0.5475  0.5546  0.5625  0.5715  
0.5542  0.5557  0.5572  0.5588  0.5605  0.5625  0.5647  0.5672  0.5699  0.5731  0.5765  0.5804  0.5847  0.5895  0.5949  0.6008  0.6074  0.6148  0.6230  0.6324  0.6429  
0.6124  0.6140  0.6157  0.6176  0.6196  0.6219  0.6244  0.6273  0.6305  0.6340  0.6380  0.6425  0.6474  0.6529  0.6591  0.6659  0.6734  0.6819  0.6914  0.7022  0.7144  
0.6703  0.6722  0.6741  0.6762  0.6785  0.6810  0.6839  0.6871  0.6908  0.6948  0.6993  0.7044  0.7100  0.7162  0.7231  0.7307  0.7393  0.7489  0.7597  0.7719  0.7860  
0.7281  0.7301  0.7322  0.7345  0.7371  0.7400  0.7432  0.7468  0.7508  0.7554  0.7604  0.7660  0.7722  0.7792  0.7869  0.7954  0.8050  0.8158  0.8279  0.8417  0.8577  
0.7856  0.7878  0.7901  0.7927  0.7955  0.7987  0.8022  0.8062  0.8107  0.8157  0.8212  0.8274  0.8343  0.8420  0.8505  0.8600  0.8706  0.8825  0.8961  0.9116  0.9297  
0.8428  0.8452  0.8478  0.8506  0.8537  0.8571  0.8610  0.8654  0.8703  0.8757  0.8818  0.8885  0.8961  0.9045  0.9138  0.9242  0.9359  0.9492  0.9642  0.9816  1.0021  
0.8998  0.9024  0.9051  0.9081  0.9115  0.9153  0.9195  0.9242  0.9295  0.9354  0.9420  0.9494  0.9576  0.9667  0.9769  0.9883  1.0011  1.0157  1.0323  1.0518  1.0737  
0.9564  0.9592  0.9621  0.9654  0.9690  0.9731  0.9776  0.9827  0.9884  0.9948  1.0019  1.0098  1.0187  1.0286  1.0397  1.0521  1.0661  1.0821  1.1006  1.1219  1.1425  
1.0656  1.0688  1.0723  1.0760  1.0802  1.0849  1.0901  1.0960  1.1025  1.1098  1.1180  1.1271  1.1373  1.1487  1.1614  1.1757  1.1924  1.2120  1.2340  1.2532  1.2653  
1.1754  1.1791  1.1830  1.1872  1.1919  1.1972  1.2030  1.2096  1.2169  1.2250  1.2337  1.2428  1.2525  1.2630  1.2757  1.2925  1.3132  1.3356  1.3537  1.3604  1.3434  
1.2830  1.2871  1.2914  1.2961  1.3012  1.3069  1.3131  1.3196  1.3257  1.3306  1.3341  1.3368  1.3407  1.3500  1.3674  1.3902  1.4121  1.4279  1.4261  1.3955  1.3307  
1.3871  1.3917  1.3963  1.4013  1.4065  1.4115  1.4139  1.4109  1.4021  1.3923  1.3859  1.3845  1.3879  1.4046  1.4319  1.4548  1.4635  1.4500  1.4058  1.3256  1.2546  
1.4863  1.4913  1.4961  1.5005  1.5012  1.4849  1.4328  1.3883  1.3591  1.3386  1.3249  1.3214  1.3451  1.3835  1.4186  1.4323  1.4142  1.3565  1.2752  1.2324  1.1523  
1.6597  1.6495  1.3852  1.3556  1.3068  1.2471  1.1850  1.1527  1.1288  1.1245  1.1208  1.1094  1.0950  1.0942  1.1068  1.1211  1.1266  1.1087  1.0920  1.0775  1.0702  
1.4809  1.2980  0.9340  0.9402  0.9776  1.0381  1.0791  0.9969  1.0059  1.0261  1.0073  1.0125  1.0201  1.0170  1.0071  0.9904  0.9848  0.9951  1.0269  1.0444  1.0594  
9 
  30.00000  40.00000  60.00000  80.00000 100.00000 120.00000 140.00000 160.00000 180.00000 
   0.80000   0.80000   0.60000   0.20000  -0.39332  -0.99593  -1.13253  -0.73921   0.00000 
9 
-180.00000-160.00000-140.00000-120.00000-100.00000 -80.00000 -60.00000 -40.00000 -30.00000 
  0.00000   0.73921   1.13253   0.99593   0.39332  -0.39332  -0.99593  -1.13253  -0.99593  
1 Cd 
26  21
-7.00000   -5.00000   -4.00000   -3.00000   -2.00000   -1.50000   -1.00000   -0.50000   0.00000   0.50000   1.00000   1.50000   2.00000   2.50000   3.00000   3.50000   4.00000   4.50000   5.00000   6.00000   7.00000   8.00000   9.00000   10.00000   12.00000   14.00000   
0.2   0.22   0.24   0.26   0.28   0.3   0.32   0.34   0.36   0.38   0.4   0.42   0.44   0.46   0.48   0.5   0.52   0.54   0.56   0.58   0.6   
0.0091  0.0094  0.0096  0.0099  0.0103  0.0106  0.0110  0.0113  0.0117  0.0122  0.0127  0.0135  0.0147  0.0161  0.0177  0.0196  0.0218  0.0246  0.0284  0.0338  0.0414  
0.0073  0.0076  0.0079  0.0082  0.0085  0.0088  0.0091  0.0095  0.0098  0.0101  0.0105  0.0108  0.0111  0.0115  0.0118  0.0122  0.0126  0.0130  0.0134  0.0140  0.0149  
0.0069  0.0072  0.0075  0.0078  0.0081  0.0084  0.0087  0.0090  0.0093  0.0096  0.0100  0.0103  0.0106  0.0109  0.0113  0.0116  0.0119  0.0123  0.0126  0.0130  0.0134  
0.0066  0.0069  0.0072  0.0075  0.0078  0.0081  0.0084  0.0087  0.0090  0.0093  0.0096  0.0100  0.0103  0.0106  0.0109  0.0112  0.0116  0.0119  0.0122  0.0125  0.0129  
0.0065  0.0068  0.0070  0.0074  0.0077  0.0080  0.0083  0.0086  0.0089  0.0092  0.0095  0.0099  0.0102  0.0105  0.0108  0.0111  0.0114  0.0117  0.0121  0.0124  0.0127  
0.0064  0.0067  0.0070  0.0073  0.0076  0.0080  0.0083  0.0086  0.0089  0.0092  0.0095  0.0098  0.0102  0.0105  0.0108  0.0111  0.0114  0.0117  0.0121  0.0124  0.0127  
0.0064  0.0067  0.0070  0.0073  0.0076  0.0080  0.0083  0.0086  0.0089  0.0092  0.0095  0.0099  0.0102  0.0105  0.0108  0.0111  0.0115  0.0118  0.0121  0.0124  0.0128  
0.0065  0.0067  0.0070  0.0073  0.0077  0.0080  0.0083  0.0086  0.0089  0.0093  0.0096  0.0099  0.0102  0.0106  0.0109  0.0112  0.0115  0.0119  0.0122  0.0125  0.0129  
0.0067  0.0069  0.0072  0.0075  0.0079  0.0082  0.0085  0.0088  0.0092  0.0095  0.0098  0.0101  0.0105  0.0108  0.0111  0.0115  0.0118  0.0121  0.0125  0.0128  0.0132  
0.0068  0.0071  0.0074  0.0077  0.0081  0.0084  0.0087  0.0091  0.0094  0.0097  0.0101  0.0104  0.0107  0.0111  0.0114  0.0118  0.0121  0.0125  0.0128  0.0132  0.0136  
0.0069  0.0073  0.0076  0.0079  0.0082  0.0086  0.0089  0.0092  0.0096  0.0099  0.0103  0.0106  0.0109  0.0113  0.0116  0.0120  0.0124  0.0127  0.0131  0.0135  0.0139  
0.0071  0.0074  0.0077  0.0081  0.0084  0.0087  0.0091  0.0094  0.0098  0.0101  0.0105  0.0108  0.0112  0.0115  0.0119  0.0123  0.0127  0.0130  0.0134  0.0139  0.0143  
0.0073  0.0076  0.0079  0.0082  0.0086  0.0089  0.0093  0.0096  0.0100  0.0104  0.0107  0.0111  0.0115  0.0118  0.0122  0.0126  0.0130  0.0134  0.0138  0.0142  0.0147  
0.0074  0.0078  0.0081  0.0084  0.0088  0.0092  0.0095  0.0099  0.0103  0.0106  0.0110  0.0114  0.0118  0.0121  0.0125  0.0129  0.0134  0.0138  0.0142  0.0147  0.0152  
0.0077  0.0080  0.0083  0.0087  0.0090  0.0094  0.0098  0.0102  0.0105  0.0109  0.0113  0.0117  0.0121  0.0125  0.0129  0.0133  0.0138  0.0142  0.0147  0.0152  0.0157  
0.0079  0.0082  0.0086  0.0089  0.0093  0.0097  0.0101  0.0105  0.0109  0.0112  0.0116  0.0121  0.0125  0.0129  0.0133  0.0138  0.0142  0.0147  0.0152  0.0158  0.0164  
0.0081  0.0085  0.0088  0.0092  0.0096  0.0100  0.0104  0.0108  0.0112  0.0116  0.0120  0.0125  0.0129  0.0133  0.0138  0.0142  0.0147  0.0152  0.0158  0.0164  0.0171  
0.0084  0.0088  0.0091  0.0095  0.0099  0.0103  0.0107  0.0112  0.0116  0.0120  0.0124  0.0129  0.0133  0.0138  0.0143  0.0148  0.0153  0.0158  0.0164  0.0171  0.0183  
0.0087  0.0091  0.0095  0.0099  0.0103  0.0107  0.0111  0.0116  0.0120  0.0124  0.0129  0.0134  0.0138  0.0143  0.0148  0.0154  0.0159  0.0165  0.0172  0.0180  0.0205  
0.0100  0.0103  0.0107  0.0111  0.0116  0.0120  0.0125  0.0129  0.0134  0.0139  0.0144  0.0149  0.0155  0.0160  0.0166  0.0173  0.0180  0.0186  0.0197  0.0229  0.0295  
0.0109  0.0113  0.0117  0.0122  0.0126  0.0131  0.0136  0.0141  0.0147  0.0152  0.0159  0.0167  0.0176  0.0185  0.0194  0.0202  0.0212  0.0229  0.0269  0.0342  0.0444  
0.0121  0.0125  0.0130  0.0134  0.0139  0.0145  0.0151  0.0158  0.0168  0.0182  0.0197  0.0211  0.0225  0.0238  0.0251  0.0267  0.0293  0.0342  0.0418  0.0519  0.0633  
0.0136  0.0140  0.0145  0.0150  0.0156  0.0165  0.0181  0.0208  0.0240  0.0271  0.0295  0.0309  0.0317  0.0330  0.0352  0.0387  0.0440  0.0517  0.0616  0.0724  0.0847  
0.0155  0.0159  0.0165  0.0172  0.0191  0.0242  0.0349  0.0420  0.0462  0.0497  0.0527  0.0547  0.0533  0.0502  0.0518  0.0568  0.0645  0.0748  0.0855  0.0971  0.1041  
0.0243  0.0321  0.1552  0.1656  0.1690  0.1674  0.1564  0.1545  0.1542  0.1558  0.1566  0.1556  0.1541  0.1544  0.1482  0.1414  0.1399  0.1413  0.1468  0.1547  0.1628  
0.2211  0.2537  0.2214  0.2004  0.1830  0.1646  0.1591  0.2003  0.2032  0.2130  0.2129  0.2158  0.2208  0.2235  0.2216  0.2207  0.2154  0.2123  0.2231  0.2307  0.2340  
9 
  30.00000  40.00000  60.00000  80.00000 100.00000 120.00000 140.00000 160.00000 180.00000 
   0.76789   1.14216   1.70836   2.03144   2.11140   1.94824   1.54196   0.89256   0.00004
9 
-180.00000-160.00000-140.00000-120.00000-100.00000 -80.00000 -60.00000 -40.00000 -30.00000 
  0.00004   0.89256   1.54196   1.94824   2.11140   2.03144   1.70836   1.14216   0.76789  
1 Cm 
26  21
-7.00000   -5.00000   -4.00000   -3.00000   -2.00000   -1.50000   -1.00000   -0.50000   0.00000   0.50000   1.00000   1.50000   2.00000   2.50000   3.00000   3.50000   4.00000   4.50000   5.00000   6.00000   7.00000   8.00000   9.00000   10.00000   12.00000   14.00000   
0.2   0.22   0.24   0.26   0.28   0.3   0.32   0.34   0.36   0.38   0.4   0.42   0.44   0.46   0.48   0.5   0.52   0.54   0.56   0.58   0.6   
-0.088  -0.089  -0.089  -0.090  -0.090  -0.090  -0.091  -0.091  -0.092  -0.093  -0.094  -0.094  -0.095  -0.095  -0.096  -0.097  -0.098  -0.100  -0.101  -0.100  -0.092  
-0.091  -0.091  -0.092  -0.092  -0.092  -0.093  -0.093  -0.093  -0.094  -0.094  -0.095  -0.096  -0.097  -0.097  -0.098  -0.099  -0.101  -0.102  -0.104  -0.106  -0.108  
-0.092  -0.092  -0.093  -0.093  -0.093  -0.094  -0.094  -0.094  -0.095  -0.095  -0.096  -0.096  -0.097  -0.098  -0.099  -0.100  -0.101  -0.102  -0.103  -0.105  -0.106  
-0.093  -0.093  -0.094  -0.094  -0.094  -0.094  -0.095  -0.095  -0.096  -0.096  -0.097  -0.097  -0.098  -0.099  -0.099  -0.100  -0.101  -0.102  -0.103  -0.105  -0.106  
-0.094  -0.094  -0.095  -0.095  -0.095  -0.095  -0.096  -0.096  -0.096  -0.097  -0.097  -0.098  -0.099  -0.099  -0.100  -0.101  -0.102  -0.103  -0.104  -0.105  -0.107  
-0.094  -0.095  -0.095  -0.095  -0.095  -0.096  -0.096  -0.096  -0.097  -0.097  -0.098  -0.098  -0.099  -0.100  -0.101  -0.101  -0.102  -0.103  -0.104  -0.106  -0.107  
-0.095  -0.095  -0.095  -0.096  -0.096  -0.096  -0.096  -0.097  -0.097  -0.098  -0.098  -0.099  -0.099  -0.100  -0.101  -0.102  -0.103  -0.104  -0.105  -0.106  -0.107  
-0.096  -0.096  -0.096  -0.096  -0.096  -0.096  -0.097  -0.097  -0.098  -0.098  -0.098  -0.099  -0.100  -0.100  -0.101  -0.102  -0.103  -0.104  -0.105  -0.106  -0.108  
-0.096  -0.096  -0.096  -0.096  -0.097  -0.097  -0.097  -0.098  -0.098  -0.098  -0.099  -0.099  -0.100  -0.101  -0.101  -0.102  -0.103  -0.104  -0.105  -0.106  -0.108  
-0.096  -0.096  -0.096  -0.097  -0.097  -0.097  -0.097  -0.098  -0.098  -0.099  -0.099  -0.100  -0.100  -0.101  -0.102  -0.103  -0.103  -0.104  -0.105  -0.107  -0.108  
-0.096  -0.097  -0.097  -0.097  -0.097  -0.097  -0.098  -0.098  -0.098  -0.099  -0.099  -0.100  -0.100  -0.101  -0.102  -0.103  -0.103  -0.104  -0.105  -0.107  -0.108  
-0.097  -0.097  -0.097  -0.097  -0.097  -0.098  -0.098  -0.098  -0.099  -0.099  -0.099  -0.100  -0.101  -0.101  -0.102  -0.103  -0.103  -0.104  -0.105  -0.106  -0.108  
-0.097  -0.097  -0.097  -0.097  -0.098  -0.098  -0.098  -0.098  -0.099  -0.099  -0.100  -0.100  -0.101  -0.101  -0.102  -0.103  -0.103  -0.104  -0.105  -0.106  -0.107  
-0.097  -0.097  -0.097  -0.098  -0.098  -0.098  -0.098  -0.098  -0.099  -0.099  -0.100  -0.100  -0.100  -0.101  -0.102  -0.102  -0.103  -0.104  -0.105  -0.105  -0.106  
-0.097  -0.097  -0.097  -0.098  -0.098  -0.098  -0.098  -0.098  -0.099  -0.099  -0.099  -0.100  -0.100  -0.101  -0.101  -0.102  -0.102  -0.103  -0.104  -0.104  -0.105  
-0.097  -0.097  -0.098  -0.098  -0.098  -0.098  -0.098  -0.098  -0.099  -0.099  -0.099  -0.100  -0.100  -0.100  -0.101  -0.101  -0.102  -0.102  -0.103  -0.103  -0.103  
-0.097  -0.097  -0.098  -0.098  -0.098  -0.098  -0.098  -0.098  -0.098  -0.099  -0.099  -0.099  -0.100  -0.100  -0.100  -0.101  -0.101  -0.101  -0.101  -0.101  -0.101  
-0.097  -0.097  -0.098  -0.098  -0.098  -0.098  -0.098  -0.098  -0.098  -0.098  -0.099  -0.099  -0.099  -0.099  -0.099  -0.100  -0.100  -0.100  -0.100  -0.099  -0.098  
-0.097  -0.097  -0.097  -0.098  -0.098  -0.098  -0.098  -0.098  -0.098  -0.098  -0.098  -0.098  -0.098  -0.098  -0.098  -0.098  -0.098  -0.098  -0.097  -0.096  -0.094  
-0.097  -0.097  -0.097  -0.097  -0.097  -0.097  -0.097  -0.097  -0.097  -0.097  -0.097  -0.096  -0.096  -0.096  -0.095  -0.095  -0.094  -0.092  -0.090  -0.087  -0.085  
-0.097  -0.096  -0.096  -0.096  -0.096  -0.096  -0.096  -0.095  -0.095  -0.095  -0.094  -0.093  -0.092  -0.091  -0.090  -0.088  -0.085  -0.082  -0.078  -0.076  -0.077  
-0.095  -0.095  -0.095  -0.095  -0.094  -0.094  -0.094  -0.093  -0.092  -0.091  -0.089  -0.087  -0.085  -0.082  -0.080  -0.077  -0.073  -0.069  -0.067  -0.068  -0.076  
-0.094  -0.094  -0.093  -0.093  -0.092  -0.091  -0.090  -0.088  -0.085  -0.082  -0.080  -0.077  -0.074  -0.071  -0.068  -0.065  -0.061  -0.060  -0.063  -0.073  -0.087  
-0.092  -0.091  -0.091  -0.090  -0.089  -0.085  -0.080  -0.077  -0.076  -0.075  -0.074  -0.074  -0.070  -0.064  -0.059  -0.057  -0.059  -0.067  -0.078  -0.089  -0.097  
-0.086  -0.083  -0.147  -0.155  -0.156  -0.153  -0.140  -0.137  -0.136  -0.138  -0.139  -0.138  -0.135  -0.135  -0.130  -0.122  -0.118  -0.117  -0.119  -0.126  -0.132  
-0.165  -0.185  -0.171  -0.161  -0.153  -0.143  -0.139  -0.158  -0.158  -0.163  -0.160  -0.161  -0.164  -0.165  -0.162  -0.160  -0.156  -0.154  -0.163  -0.169  -0.171  
9 
  30.00000  40.00000  60.00000  80.00000 100.00000 120.00000 140.00000 160.00000 180.00000 
  -0.31161  -0.40043  -0.49436  -0.51722  -0.53691  -0.54630  -0.46468  -0.24998   0.00000 
9 
-180.00000-160.00000-140.00000-120.00000-100.00000 -80.00000 -60.00000 -40.00000 -30.00000 
   0.00000   0.24998   0.46468   0.54630   0.53691   0.51722   0.49436   0.40043   0.31161 
COEFFICIENT (C*L/NU)I0 (OU BIEN REYNOLDS/MACH) ............    10044612.7629
