OH309
1 Cl 
26  21
-7.00000   -5.00000   -4.00000   -3.00000   -2.00000   -1.50000   -1.00000   -0.50000   0.00000   0.50000   1.00000   1.50000   2.00000   2.50000   3.00000   3.50000   4.00000   4.50000   5.00000   6.00000   7.00000   8.00000   9.00000   10.00000   12.00000   14.00000   
0.2   0.22   0.24   0.26   0.28   0.3   0.32   0.34   0.36   0.38   0.4   0.42   0.44   0.46   0.48   0.5   0.52   0.54   0.56   0.58   0.6   
-0.429  -0.432  -0.434  -0.438  -0.441  -0.445  -0.450  -0.454  -0.460  -0.465  -0.472  -0.479  -0.487  -0.494  -0.502  -0.510  -0.517  -0.525  -0.532  -0.539  -0.540  
-0.200  -0.201  -0.203  -0.205  -0.207  -0.210  -0.212  -0.215  -0.218  -0.221  -0.225  -0.229  -0.233  -0.238  -0.243  -0.248  -0.255  -0.262  -0.270  -0.279  -0.289  
-0.082  -0.083  -0.085  -0.086  -0.088  -0.089  -0.091  -0.093  -0.095  -0.097  -0.100  -0.102  -0.105  -0.108  -0.111  -0.115  -0.119  -0.123  -0.128  -0.133  -0.139  
0.0346  0.0340  0.0333  0.0324  0.0315  0.0305  0.0294  0.0283  0.0271  0.0259  0.0247  0.0234  0.0220  0.0205  0.0190  0.0173  0.0156  0.0136  0.0115  0.0092  0.0066  
0.1492  0.1491  0.1489  0.1487  0.1483  0.1480  0.1477  0.1474  0.1472  0.1470  0.1468  0.1467  0.1466  0.1466  0.1466  0.1467  0.1468  0.1470  0.1472  0.1475  0.1479  
0.2078  0.2080  0.2080  0.2079  0.2079  0.2079  0.2080  0.2081  0.2083  0.2086  0.2089  0.2094  0.2100  0.2106  0.2115  0.2124  0.2135  0.2147  0.2161  0.2177  0.2194  
0.2665  0.2667  0.2669  0.2671  0.2674  0.2677  0.2681  0.2686  0.2693  0.2700  0.2709  0.2720  0.2732  0.2746  0.2761  0.2779  0.2799  0.2822  0.2847  0.2876  0.2908  
0.3262  0.3260  0.3261  0.3264  0.3268  0.3274  0.3282  0.3291  0.3301  0.3314  0.3328  0.3344  0.3362  0.3383  0.3407  0.3433  0.3462  0.3495  0.3532  0.3573  0.3620  
0.3818  0.3819  0.3823  0.3829  0.3836  0.3846  0.3857  0.3870  0.3885  0.3902  0.3921  0.3943  0.3968  0.3995  0.4026  0.4060  0.4098  0.4141  0.4188  0.4242  0.4302  
0.4357  0.4368  0.4378  0.4389  0.4401  0.4414  0.4430  0.4447  0.4466  0.4488  0.4513  0.4541  0.4571  0.4606  0.4644  0.4686  0.4733  0.4785  0.4843  0.4909  0.4982  
0.4936  0.4949  0.4962  0.4975  0.4990  0.5007  0.5026  0.5047  0.5071  0.5098  0.5128  0.5161  0.5198  0.5239  0.5285  0.5335  0.5392  0.5454  0.5524  0.5603  0.5691  
0.5515  0.5530  0.5545  0.5561  0.5579  0.5599  0.5621  0.5646  0.5674  0.5706  0.5741  0.5780  0.5823  0.5871  0.5924  0.5984  0.6049  0.6123  0.6205  0.6296  0.6400  
0.6093  0.6110  0.6127  0.6146  0.6166  0.6189  0.6215  0.6244  0.6276  0.6312  0.6352  0.6397  0.6447  0.6502  0.6563  0.6630  0.6706  0.6790  0.6884  0.6990  0.7110  
0.6669  0.6688  0.6707  0.6728  0.6751  0.6777  0.6807  0.6839  0.6876  0.6916  0.6962  0.7012  0.7068  0.7130  0.7199  0.7276  0.7361  0.7456  0.7563  0.7683  0.7821  
0.7243  0.7264  0.7285  0.7309  0.7335  0.7364  0.7396  0.7433  0.7473  0.7519  0.7569  0.7626  0.7688  0.7757  0.7834  0.7919  0.8014  0.8121  0.8241  0.8377  0.8533  
0.7815  0.7837  0.7861  0.7887  0.7915  0.7947  0.7983  0.8024  0.8069  0.8119  0.8174  0.8236  0.8305  0.8382  0.8467  0.8561  0.8667  0.8785  0.8919  0.9071  0.9248  
0.8384  0.8408  0.8434  0.8462  0.8493  0.8529  0.8568  0.8612  0.8661  0.8716  0.8777  0.8845  0.8920  0.9004  0.9097  0.9201  0.9317  0.9448  0.9597  0.9768  0.9968  
0.8949  0.8976  0.9004  0.9034  0.9068  0.9107  0.9149  0.9197  0.9250  0.9310  0.9376  0.9450  0.9532  0.9623  0.9725  0.9839  0.9966  1.0111  1.0275  1.0467  1.0689  
0.9512  0.9540  0.9570  0.9603  0.9640  0.9681  0.9727  0.9778  0.9836  0.9900  0.9972  1.0051  1.0140  1.0239  1.0350  1.0473  1.0612  1.0771  1.0955  1.1170  1.1399  
1.0597  1.0630  1.0665  1.0703  1.0745  1.0793  1.0845  1.0904  1.0970  1.1044  1.1125  1.1213  1.1310  1.1414  1.1528  1.1661  1.1826  1.2031  1.2261  1.2497  1.2681  
1.1685  1.1723  1.1762  1.1805  1.1853  1.1906  1.1964  1.2028  1.2093  1.2156  1.2216  1.2273  1.2330  1.2400  1.2514  1.2697  1.2927  1.3178  1.3402  1.3544  1.3507  
1.2745  1.2788  1.2832  1.2879  1.2930  1.2980  1.3016  1.3014  1.2966  1.2909  1.2878  1.2889  1.2951  1.3039  1.3250  1.3539  1.3802  1.3991  1.4029  1.3846  1.3381  
1.3759  1.3807  1.3854  1.3897  1.3901  1.3575  1.3073  1.2822  1.2694  1.2591  1.2518  1.2489  1.2523  1.2836  1.3338  1.3767  1.3990  1.3965  1.3653  1.3049  1.2529  
1.4688  1.4740  1.4750  1.2847  1.2207  1.0315  1.2658  1.1867  1.1265  1.1053  1.0889  1.0834  1.0867  1.0934  1.1418  1.2522  1.2813  1.2577  1.2145  1.2063  1.1365  
1.3539  1.3505  1.3326  0.9943  1.0868  1.1262  1.0486  1.0262  1.1464  1.0192  1.0195  1.0443  1.0424  1.0227  1.0376  1.0269  1.0339  1.0284  1.0341  1.0245  1.0506  
0.9709  0.9538  0.9432  0.9919  1.1146  1.1700  0.9695  1.1609  0.9070  0.9996  0.9967  0.9709  0.9432  0.9523  0.9416  0.9724  0.9762  0.9743  1.0136  1.0248  1.0489  
9 
  30.00000  40.00000  60.00000  80.00000 100.00000 120.00000 140.00000 160.00000 180.00000 
   0.80000   0.80000   0.60000   0.20000  -0.39332  -0.99593  -1.13253  -0.73921   0.00000 
9 
-180.00000-160.00000-140.00000-120.00000-100.00000 -80.00000 -60.00000 -40.00000 -30.00000 
  0.00000   0.73921   1.13253   0.99593   0.39332  -0.39332  -0.99593  -1.13253  -0.99593  
1 Cd 
26  21
-7.00000   -5.00000   -4.00000   -3.00000   -2.00000   -1.50000   -1.00000   -0.50000   0.00000   0.50000   1.00000   1.50000   2.00000   2.50000   3.00000   3.50000   4.00000   4.50000   5.00000   6.00000   7.00000   8.00000   9.00000   10.00000   12.00000   14.00000   
0.2   0.22   0.24   0.26   0.28   0.3   0.32   0.34   0.36   0.38   0.4   0.42   0.44   0.46   0.48   0.5   0.52   0.54   0.56   0.58   0.6   
0.0093  0.0095  0.0097  0.0100  0.0103  0.0106  0.0110  0.0114  0.0120  0.0130  0.0145  0.0166  0.0193  0.0222  0.0251  0.0278  0.0303  0.0333  0.0373  0.0428  0.0492  
0.0072  0.0075  0.0077  0.0080  0.0083  0.0086  0.0090  0.0093  0.0096  0.0099  0.0103  0.0106  0.0109  0.0113  0.0116  0.0120  0.0125  0.0130  0.0137  0.0145  0.0156  
0.0067  0.0070  0.0073  0.0076  0.0079  0.0082  0.0085  0.0088  0.0091  0.0094  0.0097  0.0101  0.0104  0.0107  0.0110  0.0114  0.0117  0.0120  0.0124  0.0127  0.0131  
0.0064  0.0067  0.0070  0.0073  0.0076  0.0079  0.0082  0.0085  0.0088  0.0091  0.0094  0.0097  0.0100  0.0103  0.0107  0.0110  0.0113  0.0116  0.0119  0.0122  0.0126  
0.0063  0.0066  0.0069  0.0072  0.0075  0.0078  0.0081  0.0084  0.0087  0.0090  0.0093  0.0096  0.0099  0.0102  0.0105  0.0108  0.0111  0.0115  0.0118  0.0121  0.0124  
0.0062  0.0065  0.0068  0.0071  0.0074  0.0077  0.0080  0.0084  0.0087  0.0090  0.0093  0.0096  0.0099  0.0102  0.0105  0.0108  0.0111  0.0115  0.0118  0.0121  0.0124  
0.0062  0.0065  0.0068  0.0071  0.0074  0.0077  0.0081  0.0084  0.0087  0.0090  0.0093  0.0096  0.0099  0.0102  0.0105  0.0109  0.0112  0.0115  0.0118  0.0121  0.0125  
0.0063  0.0065  0.0068  0.0071  0.0074  0.0078  0.0081  0.0084  0.0087  0.0090  0.0093  0.0097  0.0100  0.0103  0.0106  0.0109  0.0112  0.0116  0.0119  0.0122  0.0126  
0.0065  0.0067  0.0070  0.0073  0.0076  0.0080  0.0083  0.0086  0.0089  0.0092  0.0096  0.0099  0.0102  0.0105  0.0109  0.0112  0.0115  0.0118  0.0122  0.0125  0.0129  
0.0066  0.0069  0.0072  0.0075  0.0079  0.0082  0.0085  0.0088  0.0092  0.0095  0.0098  0.0102  0.0105  0.0108  0.0111  0.0115  0.0118  0.0122  0.0125  0.0129  0.0133  
0.0068  0.0071  0.0074  0.0077  0.0080  0.0083  0.0087  0.0090  0.0093  0.0097  0.0100  0.0103  0.0107  0.0110  0.0114  0.0117  0.0121  0.0124  0.0128  0.0132  0.0136  
0.0069  0.0072  0.0075  0.0079  0.0082  0.0085  0.0089  0.0092  0.0095  0.0099  0.0102  0.0106  0.0109  0.0113  0.0116  0.0120  0.0124  0.0127  0.0131  0.0135  0.0139  
0.0071  0.0074  0.0077  0.0080  0.0084  0.0087  0.0091  0.0094  0.0098  0.0101  0.0105  0.0108  0.0112  0.0116  0.0119  0.0123  0.0127  0.0131  0.0135  0.0139  0.0143  
0.0073  0.0076  0.0079  0.0082  0.0086  0.0089  0.0093  0.0097  0.0100  0.0104  0.0107  0.0111  0.0115  0.0119  0.0122  0.0126  0.0130  0.0135  0.0139  0.0143  0.0148  
0.0075  0.0078  0.0081  0.0085  0.0088  0.0092  0.0096  0.0099  0.0103  0.0107  0.0111  0.0114  0.0118  0.0122  0.0126  0.0130  0.0135  0.0139  0.0143  0.0148  0.0153  
0.0077  0.0080  0.0084  0.0087  0.0091  0.0095  0.0099  0.0102  0.0106  0.0110  0.0114  0.0118  0.0122  0.0126  0.0130  0.0135  0.0139  0.0144  0.0149  0.0154  0.0159  
0.0080  0.0083  0.0087  0.0090  0.0094  0.0098  0.0102  0.0106  0.0110  0.0114  0.0118  0.0122  0.0126  0.0130  0.0135  0.0139  0.0144  0.0149  0.0154  0.0160  0.0166  
0.0083  0.0086  0.0090  0.0094  0.0097  0.0101  0.0105  0.0109  0.0114  0.0118  0.0122  0.0126  0.0131  0.0135  0.0140  0.0145  0.0150  0.0155  0.0161  0.0167  0.0176  
0.0086  0.0090  0.0093  0.0097  0.0101  0.0105  0.0109  0.0114  0.0118  0.0122  0.0127  0.0131  0.0136  0.0141  0.0146  0.0151  0.0156  0.0162  0.0168  0.0175  0.0192  
0.0099  0.0102  0.0106  0.0110  0.0114  0.0119  0.0123  0.0128  0.0133  0.0137  0.0143  0.0149  0.0155  0.0162  0.0170  0.0177  0.0184  0.0191  0.0200  0.0226  0.0280  
0.0110  0.0113  0.0117  0.0122  0.0126  0.0131  0.0136  0.0142  0.0149  0.0159  0.0171  0.0183  0.0195  0.0206  0.0216  0.0226  0.0238  0.0256  0.0292  0.0354  0.0443  
0.0124  0.0127  0.0132  0.0136  0.0142  0.0149  0.0162  0.0186  0.0216  0.0245  0.0268  0.0284  0.0290  0.0290  0.0300  0.0318  0.0346  0.0390  0.0456  0.0544  0.0646  
0.0143  0.0147  0.0151  0.0159  0.0179  0.0376  0.0473  0.0459  0.0451  0.0466  0.0487  0.0505  0.0519  0.0503  0.0455  0.0470  0.0516  0.0583  0.0669  0.0764  0.0876  
0.0176  0.0179  0.0197  0.1039  0.1122  0.1183  0.0518  0.0944  0.1037  0.1043  0.1034  0.1028  0.1019  0.0992  0.0906  0.0760  0.0786  0.0858  0.0937  0.1040  0.1090  
0.1693  0.1750  0.1842  0.1783  0.1159  0.0982  0.1951  0.1249  0.1420  0.1556  0.1561  0.1587  0.1655  0.1716  0.1770  0.1742  0.1682  0.1629  0.1639  0.1613  0.1716  
0.2443  0.2451  0.2427  0.1825  0.2333  0.2720  0.1907  0.2778  0.2233  0.2467  0.2348  0.2197  0.2154  0.2147  0.2183  0.2248  0.2318  0.2347  0.2428  0.2406  0.2466  
9 
  30.00000  40.00000  60.00000  80.00000 100.00000 120.00000 140.00000 160.00000 180.00000 
   0.76789   1.14216   1.70836   2.03144   2.11140   1.94824   1.54196   0.89256   0.00004
9 
-180.00000-160.00000-140.00000-120.00000-100.00000 -80.00000 -60.00000 -40.00000 -30.00000 
  0.00004   0.89256   1.54196   1.94824   2.11140   2.03144   1.70836   1.14216   0.76789  
1 Cm 
26  21
-7.00000   -5.00000   -4.00000   -3.00000   -2.00000   -1.50000   -1.00000   -0.50000   0.00000   0.50000   1.00000   1.50000   2.00000   2.50000   3.00000   3.50000   4.00000   4.50000   5.00000   6.00000   7.00000   8.00000   9.00000   10.00000   12.00000   14.00000   
0.2   0.22   0.24   0.26   0.28   0.3   0.32   0.34   0.36   0.38   0.4   0.42   0.44   0.46   0.48   0.5   0.52   0.54   0.56   0.58   0.6   
-0.089  -0.089  -0.090  -0.090  -0.091  -0.091  -0.091  -0.092  -0.093  -0.093  -0.093  -0.093  -0.092  -0.091  -0.091  -0.090  -0.090  -0.090  -0.089  -0.084  -0.076  
-0.091  -0.092  -0.092  -0.092  -0.093  -0.093  -0.094  -0.094  -0.094  -0.095  -0.096  -0.096  -0.097  -0.098  -0.099  -0.100  -0.101  -0.103  -0.104  -0.106  -0.109  
-0.092  -0.093  -0.093  -0.093  -0.094  -0.094  -0.094  -0.095  -0.095  -0.096  -0.096  -0.097  -0.098  -0.098  -0.099  -0.100  -0.101  -0.103  -0.104  -0.105  -0.107  
-0.093  -0.094  -0.094  -0.094  -0.094  -0.095  -0.095  -0.096  -0.096  -0.096  -0.097  -0.098  -0.098  -0.099  -0.100  -0.101  -0.102  -0.103  -0.104  -0.105  -0.107  
-0.094  -0.094  -0.095  -0.095  -0.095  -0.096  -0.096  -0.096  -0.097  -0.097  -0.098  -0.098  -0.099  -0.100  -0.101  -0.101  -0.102  -0.103  -0.105  -0.106  -0.107  
-0.095  -0.095  -0.095  -0.095  -0.096  -0.096  -0.096  -0.097  -0.097  -0.098  -0.098  -0.099  -0.099  -0.100  -0.101  -0.102  -0.103  -0.104  -0.105  -0.106  -0.108  
-0.095  -0.095  -0.095  -0.096  -0.096  -0.096  -0.097  -0.097  -0.097  -0.098  -0.098  -0.099  -0.100  -0.100  -0.101  -0.102  -0.103  -0.104  -0.105  -0.106  -0.108  
-0.096  -0.096  -0.096  -0.096  -0.096  -0.097  -0.097  -0.097  -0.098  -0.098  -0.099  -0.099  -0.100  -0.101  -0.101  -0.102  -0.103  -0.104  -0.105  -0.107  -0.108  
-0.096  -0.096  -0.096  -0.096  -0.097  -0.097  -0.097  -0.098  -0.098  -0.099  -0.099  -0.100  -0.100  -0.101  -0.102  -0.103  -0.104  -0.105  -0.106  -0.107  -0.108  
-0.096  -0.096  -0.096  -0.097  -0.097  -0.097  -0.098  -0.098  -0.098  -0.099  -0.099  -0.100  -0.100  -0.101  -0.102  -0.103  -0.104  -0.105  -0.106  -0.107  -0.108  
-0.096  -0.096  -0.097  -0.097  -0.097  -0.097  -0.098  -0.098  -0.099  -0.099  -0.099  -0.100  -0.101  -0.101  -0.102  -0.103  -0.104  -0.105  -0.106  -0.107  -0.108  
-0.097  -0.097  -0.097  -0.097  -0.097  -0.098  -0.098  -0.098  -0.099  -0.099  -0.100  -0.100  -0.101  -0.101  -0.102  -0.103  -0.104  -0.105  -0.106  -0.107  -0.108  
-0.097  -0.097  -0.097  -0.097  -0.098  -0.098  -0.098  -0.098  -0.099  -0.099  -0.100  -0.100  -0.101  -0.101  -0.102  -0.103  -0.104  -0.104  -0.105  -0.106  -0.108  
-0.097  -0.097  -0.097  -0.097  -0.098  -0.098  -0.098  -0.098  -0.099  -0.099  -0.100  -0.100  -0.101  -0.101  -0.102  -0.102  -0.103  -0.104  -0.105  -0.106  -0.107  
-0.097  -0.097  -0.097  -0.097  -0.098  -0.098  -0.098  -0.098  -0.099  -0.099  -0.099  -0.100  -0.100  -0.101  -0.101  -0.102  -0.103  -0.103  -0.104  -0.105  -0.105  
-0.097  -0.097  -0.097  -0.097  -0.098  -0.098  -0.098  -0.098  -0.099  -0.099  -0.099  -0.100  -0.100  -0.100  -0.101  -0.101  -0.102  -0.102  -0.103  -0.103  -0.104  
-0.097  -0.097  -0.097  -0.097  -0.098  -0.098  -0.098  -0.098  -0.098  -0.099  -0.099  -0.099  -0.099  -0.100  -0.100  -0.101  -0.101  -0.101  -0.102  -0.102  -0.101  
-0.097  -0.097  -0.097  -0.097  -0.097  -0.098  -0.098  -0.098  -0.098  -0.098  -0.098  -0.099  -0.099  -0.099  -0.099  -0.100  -0.100  -0.100  -0.100  -0.099  -0.098  
-0.097  -0.097  -0.097  -0.097  -0.097  -0.097  -0.097  -0.097  -0.098  -0.098  -0.098  -0.098  -0.098  -0.098  -0.098  -0.098  -0.098  -0.098  -0.097  -0.096  -0.094  
-0.097  -0.097  -0.097  -0.097  -0.097  -0.097  -0.096  -0.096  -0.096  -0.096  -0.096  -0.096  -0.096  -0.095  -0.094  -0.094  -0.092  -0.091  -0.089  -0.085  -0.083  
-0.096  -0.096  -0.096  -0.096  -0.095  -0.095  -0.095  -0.095  -0.094  -0.094  -0.093  -0.091  -0.090  -0.088  -0.087  -0.085  -0.083  -0.080  -0.076  -0.073  -0.074  
-0.095  -0.094  -0.094  -0.094  -0.094  -0.093  -0.092  -0.091  -0.089  -0.086  -0.084  -0.082  -0.080  -0.078  -0.076  -0.074  -0.071  -0.067  -0.065  -0.066  -0.074  
-0.093  -0.092  -0.092  -0.092  -0.090  -0.085  -0.083  -0.081  -0.078  -0.077  -0.076  -0.075  -0.075  -0.072  -0.066  -0.063  -0.061  -0.060  -0.064  -0.074  -0.087  
-0.090  -0.089  -0.088  -0.120  -0.124  -0.119  -0.072  -0.100  -0.108  -0.109  -0.108  -0.108  -0.107  -0.104  -0.096  -0.076  -0.073  -0.078  -0.086  -0.095  -0.102  
-0.153  -0.156  -0.161  -0.165  -0.127  -0.106  -0.170  -0.122  -0.132  -0.135  -0.137  -0.139  -0.143  -0.146  -0.149  -0.147  -0.143  -0.136  -0.136  -0.134  -0.141  
-0.182  -0.185  -0.186  -0.155  -0.174  -0.206  -0.155  -0.212  -0.165  -0.185  -0.172  -0.162  -0.158  -0.157  -0.159  -0.165  -0.169  -0.170  -0.177  -0.175  -0.181  
9 
  30.00000  40.00000  60.00000  80.00000 100.00000 120.00000 140.00000 160.00000 180.00000 
  -0.31161  -0.40043  -0.49436  -0.51722  -0.53691  -0.54630  -0.46468  -0.24998   0.00000 
9 
-180.00000-160.00000-140.00000-120.00000-100.00000 -80.00000 -60.00000 -40.00000 -30.00000 
   0.00000   0.24998   0.46468   0.54630   0.53691   0.51722   0.49436   0.40043   0.31161 
COEFFICIENT (C*L/NU)I0 (OU BIEN REYNOLDS/MACH) ............    10044612.7629
