OH308
1 Cl 
26  26
-7.00000   -5.00000   -4.00000   -3.00000   -2.00000   -1.50000   -1.00000   -0.50000   0.00000   0.50000   1.00000   1.50000   2.00000   2.50000   3.00000   3.50000   4.00000   4.50000   5.00000   6.00000   7.00000   8.00000   9.00000   10.00000   12.00000   14.00000   
0.2   0.22   0.24   0.26   0.28   0.3   0.32   0.34   0.36   0.38   0.4   0.42   0.44   0.46   0.48   0.5   0.52   0.54   0.56   0.58   0.6   0.62   0.64   0.66   0.68   0.7   
-0.427  -0.429  -0.431  -0.434  -0.438  -0.441  -0.446  -0.451  -0.465  -0.493  -0.478  -0.471  -0.467  -0.466  -0.467  -0.470  -0.474  -0.479  -0.487  -0.499  -0.503  -0.505  -0.508  -0.510  -0.506  -0.497  
-0.198  -0.199  -0.200  -0.202  -0.204  -0.206  -0.209  -0.211  -0.214  -0.217  -0.221  -0.224  -0.228  -0.233  -0.238  -0.243  -0.250  -0.257  -0.264  -0.271  -0.280  -0.291  -0.303  -0.318  -0.338  -0.363  
-0.081  -0.081  -0.082  -0.083  -0.085  -0.086  -0.088  -0.089  -0.091  -0.093  -0.095  -0.098  -0.100  -0.103  -0.106  -0.109  -0.113  -0.116  -0.121  -0.126  -0.131  -0.138  -0.145  -0.154  -0.165  -0.179  
0.0358  0.0356  0.0351  0.0345  0.0339  0.0331  0.0323  0.0314  0.0305  0.0295  0.0285  0.0275  0.0264  0.0253  0.0240  0.0227  0.0213  0.0199  0.0182  0.0164  0.0144  0.0122  0.0095  0.0065  0.0027  -0.002  
0.1500  0.1503  0.1503  0.1503  0.1503  0.1503  0.1502  0.1502  0.1502  0.1502  0.1503  0.1505  0.1507  0.1510  0.1514  0.1518  0.1523  0.1529  0.1536  0.1544  0.1553  0.1563  0.1575  0.1588  0.1603  0.1620  
0.2084  0.2088  0.2091  0.2094  0.2097  0.2099  0.2103  0.2106  0.2111  0.2116  0.2123  0.2130  0.2139  0.2149  0.2160  0.2173  0.2188  0.2204  0.2223  0.2243  0.2267  0.2293  0.2323  0.2357  0.2397  0.2443  
0.2667  0.2673  0.2679  0.2684  0.2689  0.2695  0.2702  0.2710  0.2719  0.2729  0.2741  0.2754  0.2769  0.2786  0.2806  0.2827  0.2851  0.2878  0.2908  0.2941  0.2979  0.3021  0.3069  0.3124  0.3188  0.3262  
0.3263  0.3265  0.3269  0.3275  0.3282  0.3291  0.3301  0.3313  0.3326  0.3341  0.3358  0.3377  0.3399  0.3423  0.3449  0.3479  0.3512  0.3549  0.3591  0.3637  0.3689  0.3747  0.3813  0.3889  0.3977  0.4081  
0.3817  0.3822  0.3829  0.3838  0.3848  0.3860  0.3874  0.3890  0.3908  0.3928  0.3950  0.3975  0.4003  0.4033  0.4067  0.4105  0.4147  0.4194  0.4246  0.4304  0.4369  0.4443  0.4526  0.4622  0.4733  0.4866  
0.4354  0.4368  0.4381  0.4395  0.4411  0.4427  0.4445  0.4465  0.4488  0.4513  0.4540  0.4571  0.4605  0.4642  0.4684  0.4730  0.4781  0.4837  0.4900  0.4970  0.5049  0.5138  0.5239  0.5355  0.5492  0.5657  
0.4930  0.4946  0.4963  0.4980  0.4998  0.5018  0.5040  0.5064  0.5091  0.5121  0.5153  0.5190  0.5230  0.5275  0.5324  0.5379  0.5439  0.5506  0.5580  0.5664  0.5757  0.5863  0.5984  0.6125  0.6291  0.6498  
0.5507  0.5525  0.5544  0.5564  0.5585  0.5608  0.5633  0.5662  0.5693  0.5727  0.5765  0.5808  0.5854  0.5906  0.5963  0.6026  0.6096  0.6174  0.6260  0.6357  0.6466  0.6590  0.6732  0.6899  0.7101  0.7355  
0.6082  0.6103  0.6124  0.6146  0.6170  0.6197  0.6226  0.6258  0.6293  0.6332  0.6376  0.6424  0.6477  0.6536  0.6601  0.6673  0.6752  0.6841  0.6940  0.7051  0.7176  0.7319  0.7485  0.7682  0.7925  0.8216  
0.6656  0.6679  0.6702  0.6727  0.6754  0.6783  0.6816  0.6852  0.6892  0.6936  0.6985  0.7039  0.7098  0.7164  0.7237  0.7318  0.7408  0.7508  0.7619  0.7745  0.7888  0.8052  0.8244  0.8476  0.8751  0.9064  
0.7228  0.7253  0.7279  0.7306  0.7336  0.7368  0.7404  0.7444  0.7488  0.7537  0.7592  0.7652  0.7718  0.7791  0.7872  0.7962  0.8062  0.8174  0.8299  0.8440  0.8602  0.8789  0.9012  0.9274  0.9564  0.9861  
0.7797  0.7824  0.7852  0.7882  0.7915  0.7951  0.7990  0.8034  0.8083  0.8137  0.8196  0.8262  0.8335  0.8416  0.8505  0.8605  0.8715  0.8839  0.8979  0.9137  0.9319  0.9533  0.9785  1.0059  1.0338  1.0554  
0.8364  0.8393  0.8423  0.8456  0.8491  0.8530  0.8573  0.8621  0.8674  0.8733  0.8798  0.8870  0.8950  0.9038  0.9137  0.9246  0.9368  0.9504  0.9659  0.9836  1.0042  1.0284  1.0547  1.0813  1.1032  1.1073  
0.8927  0.8958  0.8991  0.9026  0.9064  0.9107  0.9154  0.9205  0.9263  0.9327  0.9397  0.9475  0.9562  0.9658  0.9765  0.9883  1.0016  1.0165  1.0336  1.0538  1.0776  1.1032  1.1288  1.1502  1.1581  1.1368  
0.9486  0.9520  0.9555  0.9592  0.9634  0.9679  0.9730  0.9786  0.9848  0.9916  0.9992  1.0076  1.0168  1.0269  1.0380  1.0501  1.0639  1.0802  1.1001  1.1240  1.1503  1.1756  1.1974  1.2079  1.1928  1.1455  
1.0565  1.0604  1.0644  1.0687  1.0734  1.0786  1.0844  1.0907  1.0974  1.1043  1.1113  1.1187  1.1265  1.1347  1.1440  1.1571  1.1758  1.1987  1.2246  1.2520  1.2764  1.2933  1.2939  1.2690  1.2141  1.1505  
1.1638  1.1683  1.1729  1.1778  1.1829  1.1882  1.1924  1.1929  1.1890  1.1864  1.1865  1.1895  1.1960  1.2081  1.2234  1.2468  1.2762  1.3049  1.3304  1.3487  1.3536  1.3378  1.2986  1.2332  1.1747  1.1390  
1.2736  1.2717  1.2755  1.2796  1.2519  1.2204  1.1986  1.1819  1.1723  1.1698  1.1711  1.1736  1.1782  1.1861  1.2155  1.2831  1.3328  1.3614  1.3729  1.3644  1.3319  1.2867  1.2158  1.1701  1.1789  1.1419  
0.9796  1.0806  1.2053  1.0603  0.9256  1.0333  1.1182  1.1373  1.0807  1.0626  1.0512  1.0517  1.0592  1.0694  1.0789  1.1152  1.2550  1.2949  1.2876  1.2548  1.2304  1.1708  1.1438  1.1926  1.1220  1.1949  
1.0566  1.0852  1.0091  1.1743  1.1362  0.9101  0.9529  0.9637  1.1098  1.0197  1.0250  1.0432  1.0600  1.0651  1.0703  1.0724  1.0649  1.0983  1.1206  1.1428  1.0942  1.0931  1.1667  1.1059  1.2564  1.2453  
1.2187  1.2512  1.2543  1.0959  1.0362  1.1154  1.0817  1.0241  0.9126  0.9808  1.0065  0.9784  0.9705  0.9573  0.9397  0.9433  0.9440  0.9680  0.9778  0.9786  1.0253  1.0909  1.0932  1.1628  1.0980  1.1154  
0.8832  0.8876  0.8990  1.0123  0.9772  0.8849  0.9218  0.9297  0.9531  0.9566  0.9157  0.9256  0.9164  0.9266  0.9340  0.9515  0.9509  0.9615  1.0110  0.9675  1.0469  1.0489  1.0035  1.0406  1.0861  1.0990  
9 
  30.00000  40.00000  60.00000  80.00000 100.00000 120.00000 140.00000 160.00000 180.00000 
   0.80000   0.80000   0.60000   0.20000  -0.39332  -0.99593  -1.13253  -0.73921   0.00000 
9 
-180.00000-160.00000-140.00000-120.00000-100.00000 -80.00000 -60.00000 -40.00000 -30.00000 
  0.00000   0.73921   1.13253   0.99593   0.39332  -0.39332  -0.99593  -1.13253  -0.99593  
1 Cd 
26  26
-7.00000   -5.00000   -4.00000   -3.00000   -2.00000   -1.50000   -1.00000   -0.50000   0.00000   0.50000   1.00000   1.50000   2.00000   2.50000   3.00000   3.50000   4.00000   4.50000   5.00000   6.00000   7.00000   8.00000   9.00000   10.00000   12.00000   14.00000   
0.2   0.22   0.24   0.26   0.28   0.3   0.32   0.34   0.36   0.38   0.4   0.42   0.44   0.46   0.48   0.5   0.52   0.54   0.56   0.58   0.6   0.62   0.64   0.66   0.68   0.7   
0.0094  0.0094  0.0095  0.0097  0.0100  0.0104  0.0111  0.0130  0.0283  0.0511  0.0546  0.0557  0.0560  0.0560  0.0562  0.0566  0.0572  0.0580  0.0590  0.0615  0.0627  0.0640  0.0666  0.0700  0.0732  0.0762  
0.0067  0.0069  0.0071  0.0073  0.0076  0.0078  0.0081  0.0084  0.0087  0.0089  0.0092  0.0095  0.0099  0.0102  0.0107  0.0113  0.0120  0.0127  0.0136  0.0146  0.0160  0.0177  0.0201  0.0236  0.0284  0.0352  
0.0061  0.0064  0.0066  0.0068  0.0071  0.0073  0.0076  0.0079  0.0081  0.0084  0.0087  0.0090  0.0092  0.0095  0.0098  0.0101  0.0104  0.0107  0.0110  0.0113  0.0117  0.0122  0.0129  0.0140  0.0156  0.0182  
0.0058  0.0060  0.0063  0.0065  0.0068  0.0070  0.0073  0.0075  0.0078  0.0081  0.0083  0.0086  0.0089  0.0091  0.0094  0.0097  0.0099  0.0102  0.0105  0.0108  0.0110  0.0113  0.0116  0.0119  0.0123  0.0127  
0.0057  0.0059  0.0061  0.0064  0.0066  0.0069  0.0072  0.0074  0.0077  0.0080  0.0082  0.0085  0.0088  0.0090  0.0093  0.0095  0.0098  0.0101  0.0103  0.0106  0.0109  0.0112  0.0114  0.0117  0.0120  0.0123  
0.0056  0.0059  0.0061  0.0064  0.0066  0.0069  0.0071  0.0074  0.0077  0.0079  0.0082  0.0085  0.0087  0.0090  0.0093  0.0095  0.0098  0.0101  0.0103  0.0106  0.0109  0.0111  0.0114  0.0117  0.0120  0.0123  
0.0056  0.0058  0.0061  0.0063  0.0066  0.0069  0.0071  0.0074  0.0077  0.0079  0.0082  0.0085  0.0088  0.0090  0.0093  0.0096  0.0098  0.0101  0.0104  0.0106  0.0109  0.0112  0.0115  0.0118  0.0121  0.0124  
0.0056  0.0059  0.0061  0.0064  0.0066  0.0069  0.0072  0.0074  0.0077  0.0080  0.0083  0.0085  0.0088  0.0091  0.0093  0.0096  0.0099  0.0102  0.0104  0.0107  0.0110  0.0113  0.0116  0.0119  0.0122  0.0125  
0.0058  0.0061  0.0063  0.0066  0.0068  0.0071  0.0074  0.0076  0.0079  0.0082  0.0085  0.0087  0.0090  0.0093  0.0096  0.0099  0.0101  0.0104  0.0107  0.0110  0.0113  0.0116  0.0119  0.0123  0.0126  0.0130  
0.0060  0.0062  0.0065  0.0068  0.0070  0.0073  0.0076  0.0079  0.0082  0.0084  0.0087  0.0090  0.0093  0.0096  0.0099  0.0102  0.0105  0.0108  0.0111  0.0114  0.0117  0.0120  0.0124  0.0127  0.0131  0.0135  
0.0061  0.0064  0.0066  0.0069  0.0072  0.0075  0.0077  0.0080  0.0083  0.0086  0.0089  0.0092  0.0095  0.0098  0.0101  0.0104  0.0107  0.0110  0.0113  0.0116  0.0120  0.0123  0.0127  0.0131  0.0135  0.0141  
0.0063  0.0065  0.0068  0.0071  0.0073  0.0076  0.0079  0.0082  0.0085  0.0088  0.0091  0.0094  0.0097  0.0100  0.0103  0.0106  0.0110  0.0113  0.0116  0.0120  0.0123  0.0127  0.0131  0.0135  0.0140  0.0152  
0.0064  0.0067  0.0070  0.0072  0.0075  0.0078  0.0081  0.0084  0.0087  0.0090  0.0093  0.0097  0.0100  0.0103  0.0106  0.0109  0.0113  0.0116  0.0120  0.0123  0.0127  0.0131  0.0135  0.0140  0.0149  0.0177  
0.0066  0.0069  0.0072  0.0074  0.0077  0.0080  0.0083  0.0087  0.0090  0.0093  0.0096  0.0099  0.0103  0.0106  0.0109  0.0113  0.0116  0.0120  0.0123  0.0127  0.0131  0.0136  0.0141  0.0147  0.0168  0.0217  
0.0068  0.0071  0.0074  0.0077  0.0080  0.0083  0.0086  0.0089  0.0092  0.0096  0.0099  0.0102  0.0106  0.0109  0.0113  0.0116  0.0120  0.0124  0.0128  0.0132  0.0136  0.0141  0.0147  0.0162  0.0203  0.0274  
0.0071  0.0073  0.0076  0.0079  0.0082  0.0086  0.0089  0.0092  0.0096  0.0099  0.0102  0.0106  0.0109  0.0113  0.0117  0.0120  0.0124  0.0128  0.0133  0.0137  0.0142  0.0148  0.0158  0.0191  0.0253  0.0345  
0.0073  0.0076  0.0079  0.0082  0.0085  0.0089  0.0092  0.0096  0.0099  0.0103  0.0106  0.0110  0.0113  0.0117  0.0121  0.0125  0.0129  0.0134  0.0138  0.0143  0.0148  0.0157  0.0181  0.0235  0.0320  0.0424  
0.0076  0.0079  0.0082  0.0086  0.0089  0.0092  0.0096  0.0099  0.0103  0.0107  0.0110  0.0114  0.0118  0.0122  0.0126  0.0131  0.0135  0.0140  0.0145  0.0150  0.0156  0.0173  0.0218  0.0295  0.0397  0.0505  
0.0080  0.0083  0.0086  0.0089  0.0093  0.0096  0.0100  0.0104  0.0107  0.0111  0.0115  0.0119  0.0124  0.0129  0.0134  0.0140  0.0146  0.0151  0.0156  0.0161  0.0173  0.0208  0.0275  0.0370  0.0480  0.0583  
0.0094  0.0097  0.0100  0.0103  0.0107  0.0111  0.0115  0.0119  0.0124  0.0131  0.0140  0.0150  0.0159  0.0167  0.0175  0.0183  0.0191  0.0198  0.0210  0.0233  0.0280  0.0354  0.0453  0.0563  0.0664  0.0753  
0.0110  0.0111  0.0114  0.0117  0.0122  0.0127  0.0139  0.0163  0.0198  0.0223  0.0242  0.0255  0.0263  0.0264  0.0254  0.0260  0.0273  0.0294  0.0327  0.0382  0.0460  0.0555  0.0659  0.0747  0.0834  0.0926  
0.0339  0.0181  0.0143  0.0193  0.0475  0.0527  0.0530  0.0509  0.0477  0.0457  0.0456  0.0464  0.0473  0.0480  0.0470  0.0401  0.0414  0.0453  0.0510  0.0587  0.0677  0.0777  0.0849  0.0940  0.1086  0.1168  
0.1276  0.1214  0.1008  0.1146  0.1108  0.0991  0.0682  0.0860  0.0917  0.0936  0.0927  0.0910  0.0895  0.0885  0.0871  0.0831  0.0664  0.0682  0.0746  0.0823  0.0925  0.0980  0.1082  0.1272  0.1276  0.1449  
0.0758  0.0716  0.0892  0.0668  0.0660  0.1024  0.1203  0.0913  0.1113  0.1162  0.1159  0.1175  0.1198  0.1225  0.1262  0.1268  0.1208  0.1107  0.1076  0.1153  0.1162  0.1260  0.1463  0.1436  0.1753  0.1785  
0.2091  0.2073  0.2032  0.2218  0.2075  0.1900  0.1919  0.1957  0.1654  0.1864  0.1863  0.1839  0.1858  0.1860  0.1800  0.1797  0.1855  0.1871  0.1880  0.1791  0.1858  0.1966  0.1958  0.2097  0.1931  0.1968  
0.2305  0.2297  0.2347  0.2503  0.2412  0.2291  0.2348  0.2337  0.2352  0.2405  0.2294  0.2264  0.2288  0.2305  0.2319  0.2356  0.2347  0.2384  0.2499  0.2373  0.2577  0.2576  0.2430  0.2493  0.2572  0.2594  
9 
  30.00000  40.00000  60.00000  80.00000 100.00000 120.00000 140.00000 160.00000 180.00000 
   0.76789   1.14216   1.70836   2.03144   2.11140   1.94824   1.54196   0.89256   0.00004
9 
-180.00000-160.00000-140.00000-120.00000-100.00000 -80.00000 -60.00000 -40.00000 -30.00000 
  0.00004   0.89256   1.54196   1.94824   2.11140   2.03144   1.70836   1.14216   0.76789  
1 Cm 
26  26
-7.00000   -5.00000   -4.00000   -3.00000   -2.00000   -1.50000   -1.00000   -0.50000   0.00000   0.50000   1.00000   1.50000   2.00000   2.50000   3.00000   3.50000   4.00000   4.50000   5.00000   6.00000   7.00000   8.00000   9.00000   10.00000   12.00000   14.00000   
0.2   0.22   0.24   0.26   0.28   0.3   0.32   0.34   0.36   0.38   0.4   0.42   0.44   0.46   0.48   0.5   0.52   0.54   0.56   0.58   0.6   0.62   0.64   0.66   0.68   0.7   
-0.090  -0.090  -0.090  -0.091  -0.091  -0.092  -0.092  -0.092  -0.087  -0.055  -0.047  -0.044  -0.042  -0.042  -0.042  -0.042  -0.042  -0.042  -0.043  -0.042  -0.043  -0.044  -0.043  -0.040  -0.036  -0.032  
-0.092  -0.093  -0.093  -0.093  -0.094  -0.094  -0.095  -0.095  -0.096  -0.096  -0.097  -0.098  -0.099  -0.100  -0.101  -0.102  -0.103  -0.104  -0.105  -0.108  -0.110  -0.113  -0.116  -0.118  -0.117  -0.110  
-0.093  -0.093  -0.094  -0.094  -0.095  -0.095  -0.095  -0.096  -0.096  -0.097  -0.098  -0.098  -0.099  -0.100  -0.101  -0.102  -0.103  -0.105  -0.106  -0.108  -0.110  -0.112  -0.114  -0.117  -0.121  -0.124  
-0.094  -0.094  -0.095  -0.095  -0.095  -0.096  -0.096  -0.097  -0.097  -0.098  -0.098  -0.099  -0.100  -0.101  -0.101  -0.102  -0.104  -0.105  -0.106  -0.107  -0.109  -0.111  -0.113  -0.115  -0.118  -0.121  
-0.095  -0.095  -0.095  -0.096  -0.096  -0.096  -0.097  -0.097  -0.098  -0.098  -0.099  -0.100  -0.100  -0.101  -0.102  -0.103  -0.104  -0.105  -0.107  -0.108  -0.110  -0.111  -0.113  -0.115  -0.118  -0.120  
-0.095  -0.095  -0.096  -0.096  -0.096  -0.097  -0.097  -0.098  -0.098  -0.099  -0.099  -0.100  -0.101  -0.101  -0.102  -0.103  -0.104  -0.106  -0.107  -0.108  -0.110  -0.111  -0.113  -0.115  -0.118  -0.120  
-0.095  -0.096  -0.096  -0.096  -0.097  -0.097  -0.098  -0.098  -0.098  -0.099  -0.100  -0.100  -0.101  -0.102  -0.103  -0.104  -0.105  -0.106  -0.107  -0.108  -0.110  -0.112  -0.114  -0.116  -0.118  -0.121  
-0.096  -0.096  -0.096  -0.097  -0.097  -0.097  -0.098  -0.098  -0.099  -0.099  -0.100  -0.101  -0.101  -0.102  -0.103  -0.104  -0.105  -0.106  -0.107  -0.109  -0.110  -0.112  -0.114  -0.116  -0.118  -0.121  
-0.096  -0.097  -0.097  -0.097  -0.097  -0.098  -0.098  -0.099  -0.099  -0.100  -0.100  -0.101  -0.102  -0.102  -0.103  -0.104  -0.105  -0.106  -0.108  -0.109  -0.110  -0.112  -0.114  -0.116  -0.118  -0.121  
-0.096  -0.097  -0.097  -0.097  -0.098  -0.098  -0.098  -0.099  -0.099  -0.100  -0.100  -0.101  -0.102  -0.103  -0.103  -0.104  -0.105  -0.106  -0.108  -0.109  -0.111  -0.112  -0.114  -0.116  -0.118  -0.121  
-0.097  -0.097  -0.097  -0.098  -0.098  -0.098  -0.099  -0.099  -0.099  -0.100  -0.101  -0.101  -0.102  -0.103  -0.103  -0.104  -0.105  -0.107  -0.108  -0.109  -0.111  -0.112  -0.114  -0.116  -0.118  -0.120  
-0.097  -0.097  -0.097  -0.098  -0.098  -0.098  -0.099  -0.099  -0.100  -0.100  -0.101  -0.101  -0.102  -0.103  -0.103  -0.104  -0.105  -0.106  -0.108  -0.109  -0.110  -0.112  -0.113  -0.115  -0.117  -0.119  
-0.097  -0.097  -0.098  -0.098  -0.098  -0.098  -0.099  -0.099  -0.100  -0.100  -0.101  -0.101  -0.102  -0.103  -0.103  -0.104  -0.105  -0.106  -0.107  -0.108  -0.110  -0.111  -0.112  -0.114  -0.115  -0.118  
-0.097  -0.097  -0.098  -0.098  -0.098  -0.099  -0.099  -0.099  -0.100  -0.100  -0.101  -0.101  -0.102  -0.102  -0.103  -0.104  -0.105  -0.106  -0.107  -0.108  -0.109  -0.110  -0.111  -0.112  -0.113  -0.118  
-0.097  -0.097  -0.098  -0.098  -0.098  -0.099  -0.099  -0.099  -0.100  -0.100  -0.100  -0.101  -0.102  -0.102  -0.103  -0.104  -0.104  -0.105  -0.106  -0.107  -0.108  -0.108  -0.109  -0.109  -0.111  -0.119  
-0.097  -0.097  -0.098  -0.098  -0.098  -0.098  -0.099  -0.099  -0.099  -0.100  -0.100  -0.101  -0.101  -0.102  -0.102  -0.103  -0.104  -0.104  -0.105  -0.105  -0.106  -0.106  -0.106  -0.106  -0.110  -0.120  
-0.097  -0.097  -0.098  -0.098  -0.098  -0.098  -0.099  -0.099  -0.099  -0.099  -0.100  -0.100  -0.101  -0.101  -0.102  -0.102  -0.102  -0.103  -0.103  -0.103  -0.103  -0.103  -0.101  -0.103  -0.109  -0.122  
-0.097  -0.097  -0.098  -0.098  -0.098  -0.098  -0.098  -0.099  -0.099  -0.099  -0.099  -0.100  -0.100  -0.100  -0.101  -0.101  -0.101  -0.101  -0.101  -0.101  -0.100  -0.098  -0.097  -0.100  -0.109  -0.122  
-0.097  -0.097  -0.097  -0.097  -0.098  -0.098  -0.098  -0.098  -0.098  -0.098  -0.099  -0.099  -0.099  -0.099  -0.099  -0.099  -0.099  -0.098  -0.098  -0.096  -0.094  -0.092  -0.092  -0.098  -0.109  -0.122  
-0.097  -0.097  -0.097  -0.097  -0.097  -0.097  -0.097  -0.097  -0.097  -0.097  -0.096  -0.096  -0.095  -0.094  -0.093  -0.092  -0.091  -0.090  -0.087  -0.084  -0.082  -0.082  -0.087  -0.098  -0.112  -0.124  
-0.095  -0.096  -0.096  -0.096  -0.095  -0.095  -0.095  -0.093  -0.091  -0.090  -0.088  -0.087  -0.086  -0.085  -0.084  -0.082  -0.081  -0.078  -0.075  -0.072  -0.072  -0.077  -0.089  -0.101  -0.114  -0.127  
-0.088  -0.092  -0.093  -0.092  -0.088  -0.088  -0.086  -0.083  -0.081  -0.079  -0.078  -0.078  -0.077  -0.077  -0.076  -0.071  -0.069  -0.066  -0.065  -0.066  -0.073  -0.086  -0.097  -0.110  -0.131  -0.140  
-0.144  -0.135  -0.123  -0.129  -0.124  -0.106  -0.080  -0.098  -0.103  -0.106  -0.106  -0.105  -0.104  -0.103  -0.101  -0.097  -0.072  -0.068  -0.072  -0.079  -0.092  -0.100  -0.113  -0.137  -0.134  -0.152  
-0.113  -0.110  -0.120  -0.094  -0.088  -0.121  -0.135  -0.107  -0.120  -0.121  -0.121  -0.122  -0.122  -0.123  -0.126  -0.127  -0.122  -0.111  -0.104  -0.111  -0.111  -0.121  -0.144  -0.138  -0.175  -0.176  
-0.180  -0.180  -0.179  -0.196  -0.181  -0.165  -0.167  -0.167  -0.151  -0.161  -0.160  -0.156  -0.158  -0.159  -0.155  -0.153  -0.156  -0.157  -0.157  -0.150  -0.157  -0.168  -0.167  -0.179  -0.155  -0.155  
-0.175  -0.172  -0.177  -0.189  -0.180  -0.167  -0.172  -0.172  -0.172  -0.178  -0.167  -0.165  -0.165  -0.168  -0.167  -0.170  -0.170  -0.173  -0.184  -0.171  -0.190  -0.191  -0.176  -0.183  -0.190  -0.191  
9 
  30.00000  40.00000  60.00000  80.00000 100.00000 120.00000 140.00000 160.00000 180.00000 
  -0.31161  -0.40043  -0.49436  -0.51722  -0.53691  -0.54630  -0.46468  -0.24998   0.00000 
9 
-180.00000-160.00000-140.00000-120.00000-100.00000 -80.00000 -60.00000 -40.00000 -30.00000 
   0.00000   0.24998   0.46468   0.54630   0.53691   0.51722   0.49436   0.40043   0.31161 
COEFFICIENT (C*L/NU)I0 (OU BIEN REYNOLDS/MACH) ............    10044612.7629
