OH312
1 Cl 
26  21
-7.00000   -5.00000   -4.00000   -3.00000   -2.00000   -1.50000   -1.00000   -0.50000   0.00000   0.50000   1.00000   1.50000   2.00000   2.50000   3.00000   3.50000   4.00000   4.50000   5.00000   6.00000   7.00000   8.00000   9.00000   10.00000   12.00000   14.00000   
0.2   0.22   0.24   0.26   0.28   0.3   0.32   0.34   0.36   0.38   0.4   0.42   0.44   0.46   0.48   0.5   0.52   0.54   0.56   0.58   0.6   
-0.437  -0.440  -0.443  -0.446  -0.450  -0.454  -0.459  -0.464  -0.469  -0.475  -0.482  -0.489  -0.496  -0.505  -0.515  -0.526  -0.537  -0.549  -0.561  -0.573  -0.581  
-0.205  -0.206  -0.208  -0.210  -0.213  -0.215  -0.218  -0.221  -0.224  -0.228  -0.232  -0.236  -0.241  -0.246  -0.251  -0.257  -0.264  -0.271  -0.280  -0.290  -0.301  
-0.085  -0.086  -0.088  -0.089  -0.091  -0.093  -0.095  -0.097  -0.099  -0.102  -0.104  -0.107  -0.110  -0.114  -0.117  -0.121  -0.126  -0.130  -0.136  -0.142  -0.149  
0.0338  0.0331  0.0322  0.0312  0.0301  0.0289  0.0276  0.0263  0.0250  0.0236  0.0221  0.0205  0.0189  0.0171  0.0152  0.0132  0.0111  0.0087  0.0061  0.0031  -0.000  
0.1503  0.1501  0.1497  0.1493  0.1488  0.1484  0.1479  0.1475  0.1470  0.1466  0.1463  0.1459  0.1456  0.1454  0.1451  0.1450  0.1448  0.1446  0.1445  0.1444  0.1443  
0.2100  0.2099  0.2098  0.2096  0.2095  0.2093  0.2092  0.2092  0.2092  0.2093  0.2095  0.2098  0.2101  0.2106  0.2112  0.2119  0.2127  0.2137  0.2148  0.2161  0.2176  
0.2696  0.2697  0.2698  0.2699  0.2700  0.2702  0.2704  0.2708  0.2713  0.2719  0.2726  0.2735  0.2745  0.2757  0.2771  0.2787  0.2805  0.2826  0.2849  0.2876  0.2907  
0.3308  0.3303  0.3302  0.3302  0.3305  0.3309  0.3315  0.3323  0.3332  0.3343  0.3355  0.3370  0.3387  0.3406  0.3428  0.3453  0.3481  0.3512  0.3548  0.3589  0.3635  
0.3873  0.3871  0.3872  0.3876  0.3882  0.3889  0.3899  0.3911  0.3924  0.3940  0.3958  0.3979  0.4002  0.4028  0.4058  0.4091  0.4128  0.4170  0.4217  0.4271  0.4332  
0.4416  0.4425  0.4434  0.4443  0.4454  0.4467  0.4481  0.4497  0.4515  0.4536  0.4559  0.4586  0.4615  0.4649  0.4686  0.4727  0.4774  0.4826  0.4885  0.4952  0.5028  
0.5003  0.5015  0.5027  0.5040  0.5054  0.5069  0.5087  0.5107  0.5130  0.5155  0.5184  0.5216  0.5253  0.5293  0.5338  0.5388  0.5445  0.5508  0.5579  0.5660  0.5752  
0.5592  0.5606  0.5620  0.5636  0.5652  0.5671  0.5692  0.5716  0.5743  0.5773  0.5807  0.5846  0.5888  0.5936  0.5989  0.6048  0.6114  0.6188  0.6272  0.6367  0.6477  
0.6180  0.6196  0.6212  0.6230  0.6249  0.6271  0.6296  0.6323  0.6355  0.6390  0.6429  0.6473  0.6522  0.6576  0.6637  0.6705  0.6781  0.6867  0.6964  0.7074  0.7201  
0.6766  0.6784  0.6802  0.6822  0.6844  0.6869  0.6897  0.6928  0.6964  0.7003  0.7048  0.7098  0.7153  0.7215  0.7284  0.7361  0.7447  0.7544  0.7654  0.7780  0.7927  
0.7349  0.7369  0.7390  0.7412  0.7437  0.7465  0.7496  0.7531  0.7571  0.7615  0.7665  0.7720  0.7782  0.7851  0.7928  0.8014  0.8110  0.8219  0.8343  0.8486  0.8653  
0.7931  0.7952  0.7975  0.8000  0.8027  0.8058  0.8092  0.8131  0.8175  0.8224  0.8279  0.8340  0.8408  0.8484  0.8569  0.8665  0.8772  0.8893  0.9031  0.9192  0.9380  
0.8510  0.8533  0.8558  0.8585  0.8615  0.8648  0.8686  0.8729  0.8776  0.8830  0.8890  0.8956  0.9031  0.9115  0.9208  0.9312  0.9430  0.9564  0.9718  0.9898  1.0092  
0.9085  0.9111  0.9137  0.9166  0.9199  0.9235  0.9277  0.9323  0.9375  0.9433  0.9497  0.9570  0.9651  0.9742  0.9843  0.9957  1.0086  1.0234  1.0404  1.0600  1.0773  
0.9658  0.9685  0.9714  0.9745  0.9780  0.9819  0.9863  0.9913  0.9969  1.0031  1.0101  1.0179  1.0267  1.0365  1.0475  1.0599  1.0739  1.0901  1.1089  1.1279  1.1400  
1.0762  1.0793  1.0827  1.0863  1.0903  1.0948  1.0999  1.1056  1.1120  1.1191  1.1271  1.1361  1.1461  1.1574  1.1702  1.1846  1.2012  1.2203  1.2381  1.2490  1.2411  
1.1874  1.1910  1.1947  1.1988  1.2033  1.2084  1.2141  1.2204  1.2276  1.2355  1.2445  1.2546  1.2659  1.2787  1.2932  1.3100  1.3292  1.3457  1.3521  1.3367  1.2814  
1.2968  1.3007  1.3048  1.3093  1.3142  1.3197  1.3258  1.3328  1.3405  1.3493  1.3590  1.3698  1.3817  1.3953  1.4117  1.4310  1.4458  1.4487  1.4251  1.3570  1.2494  
1.4034  1.4077  1.4121  1.4168  1.4221  1.4279  1.4344  1.4417  1.4496  1.4575  1.4648  1.4715  1.4799  1.4931  1.5103  1.5259  1.5251  1.4931  1.4166  1.2953  1.1886  
1.5065  1.5110  1.5157  1.5206  1.5260  1.5319  1.5380  1.5430  1.5445  1.5414  1.5363  1.5347  1.5429  1.5593  1.5733  1.5680  1.5278  1.4427  1.3160  1.2307  1.1253  
1.6949  1.6994  1.7036  1.7071  1.7055  1.6901  1.6532  1.6000  1.5499  1.5193  1.5062  1.5050  1.5066  1.4710  1.3805  1.3342  1.2967  1.2405  1.1659  1.1052  1.0655  
1.8587  1.8605  1.8476  1.5243  1.4428  1.3039  1.2246  1.1681  1.1341  1.1165  1.1139  1.1232  1.1428  1.1482  1.1345  1.1294  1.1126  1.0685  1.0740  1.0681  1.0679  
9 
  30.00000  40.00000  60.00000  80.00000 100.00000 120.00000 140.00000 160.00000 180.00000 
   0.80000   0.80000   0.60000   0.20000  -0.39332  -0.99593  -1.13253  -0.73921   0.00000 
9 
-180.00000-160.00000-140.00000-120.00000-100.00000 -80.00000 -60.00000 -40.00000 -30.00000 
  0.00000   0.73921   1.13253   0.99593   0.39332  -0.39332  -0.99593  -1.13253  -0.99593  
1 Cd 
26  21
-7.00000   -5.00000   -4.00000   -3.00000   -2.00000   -1.50000   -1.00000   -0.50000   0.00000   0.50000   1.00000   1.50000   2.00000   2.50000   3.00000   3.50000   4.00000   4.50000   5.00000   6.00000   7.00000   8.00000   9.00000   10.00000   12.00000   14.00000   
0.2   0.22   0.24   0.26   0.28   0.3   0.32   0.34   0.36   0.38   0.4   0.42   0.44   0.46   0.48   0.5   0.52   0.54   0.56   0.58   0.6   
0.0092  0.0095  0.0098  0.0101  0.0104  0.0108  0.0111  0.0115  0.0119  0.0123  0.0127  0.0132  0.0136  0.0141  0.0148  0.0156  0.0169  0.0189  0.0221  0.0272  0.0351  
0.0076  0.0079  0.0082  0.0085  0.0088  0.0092  0.0095  0.0098  0.0102  0.0105  0.0109  0.0112  0.0116  0.0120  0.0123  0.0127  0.0131  0.0135  0.0139  0.0144  0.0151  
0.0072  0.0075  0.0078  0.0081  0.0084  0.0088  0.0091  0.0094  0.0097  0.0101  0.0104  0.0108  0.0111  0.0114  0.0118  0.0121  0.0125  0.0129  0.0132  0.0136  0.0140  
0.0069  0.0072  0.0075  0.0078  0.0082  0.0085  0.0088  0.0091  0.0095  0.0098  0.0101  0.0104  0.0108  0.0111  0.0114  0.0118  0.0121  0.0125  0.0128  0.0132  0.0135  
0.0068  0.0071  0.0074  0.0077  0.0081  0.0084  0.0087  0.0090  0.0094  0.0097  0.0100  0.0103  0.0107  0.0110  0.0113  0.0117  0.0120  0.0123  0.0127  0.0130  0.0134  
0.0068  0.0071  0.0074  0.0077  0.0080  0.0084  0.0087  0.0090  0.0094  0.0097  0.0100  0.0103  0.0107  0.0110  0.0113  0.0117  0.0120  0.0123  0.0127  0.0130  0.0134  
0.0068  0.0071  0.0074  0.0077  0.0080  0.0084  0.0087  0.0090  0.0094  0.0097  0.0100  0.0104  0.0107  0.0110  0.0114  0.0117  0.0120  0.0124  0.0127  0.0131  0.0134  
0.0068  0.0071  0.0074  0.0077  0.0081  0.0084  0.0087  0.0091  0.0094  0.0097  0.0101  0.0104  0.0107  0.0111  0.0114  0.0118  0.0121  0.0125  0.0128  0.0132  0.0135  
0.0070  0.0073  0.0076  0.0079  0.0083  0.0086  0.0089  0.0093  0.0096  0.0100  0.0103  0.0106  0.0110  0.0113  0.0117  0.0120  0.0124  0.0127  0.0131  0.0135  0.0139  
0.0072  0.0075  0.0078  0.0081  0.0085  0.0088  0.0092  0.0095  0.0099  0.0102  0.0106  0.0109  0.0113  0.0116  0.0120  0.0123  0.0127  0.0131  0.0135  0.0139  0.0143  
0.0073  0.0076  0.0080  0.0083  0.0086  0.0090  0.0093  0.0097  0.0100  0.0104  0.0108  0.0111  0.0115  0.0118  0.0122  0.0126  0.0130  0.0134  0.0138  0.0142  0.0146  
0.0075  0.0078  0.0081  0.0085  0.0088  0.0092  0.0095  0.0099  0.0102  0.0106  0.0110  0.0113  0.0117  0.0121  0.0125  0.0129  0.0133  0.0137  0.0141  0.0145  0.0150  
0.0076  0.0080  0.0083  0.0086  0.0090  0.0094  0.0097  0.0101  0.0105  0.0108  0.0112  0.0116  0.0120  0.0124  0.0128  0.0132  0.0136  0.0140  0.0145  0.0150  0.0155  
0.0078  0.0082  0.0085  0.0089  0.0092  0.0096  0.0100  0.0103  0.0107  0.0111  0.0115  0.0119  0.0123  0.0127  0.0131  0.0135  0.0140  0.0144  0.0149  0.0154  0.0160  
0.0080  0.0084  0.0087  0.0091  0.0095  0.0098  0.0102  0.0106  0.0110  0.0114  0.0118  0.0122  0.0126  0.0131  0.0135  0.0139  0.0144  0.0149  0.0154  0.0159  0.0166  
0.0082  0.0086  0.0090  0.0093  0.0097  0.0101  0.0105  0.0109  0.0113  0.0117  0.0122  0.0126  0.0130  0.0135  0.0139  0.0144  0.0149  0.0154  0.0159  0.0165  0.0173  
0.0085  0.0088  0.0092  0.0096  0.0100  0.0104  0.0108  0.0112  0.0117  0.0121  0.0125  0.0130  0.0134  0.0139  0.0144  0.0149  0.0154  0.0160  0.0166  0.0172  0.0186  
0.0088  0.0091  0.0095  0.0099  0.0103  0.0107  0.0112  0.0116  0.0120  0.0125  0.0130  0.0134  0.0139  0.0144  0.0149  0.0154  0.0160  0.0166  0.0172  0.0181  0.0208  
0.0090  0.0094  0.0098  0.0102  0.0107  0.0111  0.0115  0.0120  0.0125  0.0129  0.0134  0.0139  0.0144  0.0149  0.0154  0.0160  0.0166  0.0173  0.0180  0.0197  0.0243  
0.0102  0.0106  0.0110  0.0114  0.0119  0.0123  0.0128  0.0133  0.0138  0.0143  0.0149  0.0154  0.0160  0.0166  0.0172  0.0178  0.0186  0.0194  0.0214  0.0266  0.0354  
0.0111  0.0115  0.0119  0.0124  0.0129  0.0134  0.0139  0.0144  0.0150  0.0156  0.0161  0.0168  0.0174  0.0181  0.0188  0.0196  0.0205  0.0227  0.0284  0.0379  0.0499  
0.0121  0.0125  0.0130  0.0135  0.0140  0.0146  0.0152  0.0158  0.0164  0.0170  0.0177  0.0184  0.0193  0.0201  0.0210  0.0221  0.0246  0.0307  0.0406  0.0532  0.0664  
0.0133  0.0138  0.0143  0.0148  0.0154  0.0160  0.0166  0.0173  0.0181  0.0190  0.0202  0.0216  0.0229  0.0242  0.0258  0.0289  0.0352  0.0450  0.0575  0.0708  0.0842  
0.0147  0.0152  0.0157  0.0164  0.0170  0.0177  0.0185  0.0198  0.0215  0.0236  0.0257  0.0277  0.0296  0.0319  0.0357  0.0421  0.0517  0.0640  0.0777  0.0922  0.1030  
0.0202  0.0208  0.0214  0.0224  0.0243  0.0285  0.0352  0.0435  0.0509  0.0552  0.0569  0.0581  0.0614  0.0703  0.0863  0.0986  0.1078  0.1162  0.1278  0.1379  0.1514  
0.0264  0.0274  0.0308  0.1316  0.1961  0.1913  0.1843  0.1759  0.1708  0.1716  0.1755  0.1714  0.1628  0.1616  0.1639  0.1632  0.1663  0.1768  0.1878  0.2033  0.2136  
9 
  30.00000  40.00000  60.00000  80.00000 100.00000 120.00000 140.00000 160.00000 180.00000 
   0.76789   1.14216   1.70836   2.03144   2.11140   1.94824   1.54196   0.89256   0.00004
9 
-180.00000-160.00000-140.00000-120.00000-100.00000 -80.00000 -60.00000 -40.00000 -30.00000 
  0.00004   0.89256   1.54196   1.94824   2.11140   2.03144   1.70836   1.14216   0.76789  
1 Cm 
26  21
-7.00000   -5.00000   -4.00000   -3.00000   -2.00000   -1.50000   -1.00000   -0.50000   0.00000   0.50000   1.00000   1.50000   2.00000   2.50000   3.00000   3.50000   4.00000   4.50000   5.00000   6.00000   7.00000   8.00000   9.00000   10.00000   12.00000   14.00000   
0.2   0.22   0.24   0.26   0.28   0.3   0.32   0.34   0.36   0.38   0.4   0.42   0.44   0.46   0.48   0.5   0.52   0.54   0.56   0.58   0.6   
-0.087  -0.088  -0.088  -0.088  -0.089  -0.089  -0.090  -0.090  -0.091  -0.091  -0.092  -0.093  -0.094  -0.095  -0.096  -0.098  -0.099  -0.101  -0.103  -0.104  -0.099  
-0.090  -0.090  -0.091  -0.091  -0.091  -0.092  -0.092  -0.092  -0.093  -0.093  -0.094  -0.094  -0.095  -0.096  -0.097  -0.098  -0.099  -0.100  -0.102  -0.104  -0.106  
-0.091  -0.092  -0.092  -0.092  -0.092  -0.093  -0.093  -0.093  -0.094  -0.094  -0.095  -0.095  -0.096  -0.097  -0.097  -0.098  -0.099  -0.100  -0.102  -0.103  -0.105  
-0.092  -0.093  -0.093  -0.093  -0.093  -0.094  -0.094  -0.094  -0.095  -0.095  -0.096  -0.096  -0.097  -0.098  -0.098  -0.099  -0.100  -0.101  -0.102  -0.103  -0.105  
-0.094  -0.094  -0.094  -0.094  -0.094  -0.095  -0.095  -0.095  -0.096  -0.096  -0.097  -0.097  -0.098  -0.098  -0.099  -0.100  -0.101  -0.102  -0.103  -0.104  -0.105  
-0.094  -0.094  -0.094  -0.095  -0.095  -0.095  -0.096  -0.096  -0.096  -0.097  -0.097  -0.098  -0.098  -0.099  -0.100  -0.100  -0.101  -0.102  -0.103  -0.104  -0.106  
-0.095  -0.095  -0.095  -0.095  -0.095  -0.096  -0.096  -0.096  -0.097  -0.097  -0.098  -0.098  -0.099  -0.099  -0.100  -0.101  -0.102  -0.103  -0.104  -0.105  -0.106  
-0.095  -0.095  -0.096  -0.096  -0.096  -0.096  -0.096  -0.097  -0.097  -0.097  -0.098  -0.098  -0.099  -0.100  -0.100  -0.101  -0.102  -0.103  -0.104  -0.105  -0.106  
-0.096  -0.096  -0.096  -0.096  -0.096  -0.097  -0.097  -0.097  -0.098  -0.098  -0.098  -0.099  -0.099  -0.100  -0.101  -0.101  -0.102  -0.103  -0.104  -0.105  -0.107  
-0.096  -0.096  -0.096  -0.097  -0.097  -0.097  -0.097  -0.098  -0.098  -0.098  -0.099  -0.099  -0.100  -0.100  -0.101  -0.102  -0.103  -0.104  -0.104  -0.106  -0.107  
-0.096  -0.097  -0.097  -0.097  -0.097  -0.097  -0.098  -0.098  -0.098  -0.099  -0.099  -0.099  -0.100  -0.101  -0.101  -0.102  -0.103  -0.104  -0.105  -0.106  -0.107  
-0.097  -0.097  -0.097  -0.097  -0.097  -0.098  -0.098  -0.098  -0.098  -0.099  -0.099  -0.100  -0.100  -0.101  -0.101  -0.102  -0.103  -0.104  -0.104  -0.105  -0.106  
-0.097  -0.097  -0.097  -0.097  -0.098  -0.098  -0.098  -0.098  -0.099  -0.099  -0.099  -0.100  -0.100  -0.101  -0.101  -0.102  -0.103  -0.103  -0.104  -0.105  -0.106  
-0.097  -0.097  -0.098  -0.098  -0.098  -0.098  -0.098  -0.098  -0.099  -0.099  -0.099  -0.100  -0.100  -0.101  -0.101  -0.102  -0.102  -0.103  -0.104  -0.104  -0.105  
-0.098  -0.098  -0.098  -0.098  -0.098  -0.098  -0.098  -0.099  -0.099  -0.099  -0.099  -0.100  -0.100  -0.101  -0.101  -0.101  -0.102  -0.102  -0.103  -0.103  -0.104  
-0.098  -0.098  -0.098  -0.098  -0.098  -0.098  -0.098  -0.099  -0.099  -0.099  -0.099  -0.100  -0.100  -0.100  -0.101  -0.101  -0.101  -0.102  -0.102  -0.102  -0.102  
-0.098  -0.098  -0.098  -0.098  -0.098  -0.098  -0.098  -0.099  -0.099  -0.099  -0.099  -0.099  -0.100  -0.100  -0.100  -0.100  -0.100  -0.101  -0.101  -0.100  -0.099  
-0.098  -0.098  -0.098  -0.098  -0.098  -0.098  -0.098  -0.098  -0.098  -0.099  -0.099  -0.099  -0.099  -0.099  -0.099  -0.099  -0.099  -0.099  -0.099  -0.098  -0.096  
-0.098  -0.098  -0.098  -0.098  -0.098  -0.098  -0.098  -0.098  -0.098  -0.098  -0.098  -0.098  -0.098  -0.098  -0.098  -0.098  -0.098  -0.097  -0.096  -0.095  -0.093  
-0.098  -0.098  -0.098  -0.098  -0.098  -0.098  -0.098  -0.097  -0.097  -0.097  -0.097  -0.097  -0.097  -0.096  -0.096  -0.095  -0.094  -0.093  -0.090  -0.087  -0.087  
-0.098  -0.097  -0.097  -0.097  -0.097  -0.097  -0.096  -0.096  -0.096  -0.095  -0.095  -0.094  -0.094  -0.093  -0.092  -0.090  -0.088  -0.084  -0.081  -0.079  -0.082  
-0.097  -0.097  -0.096  -0.096  -0.096  -0.095  -0.095  -0.094  -0.094  -0.093  -0.092  -0.091  -0.090  -0.088  -0.086  -0.083  -0.078  -0.073  -0.071  -0.074  -0.084  
-0.096  -0.095  -0.095  -0.094  -0.094  -0.093  -0.093  -0.092  -0.091  -0.089  -0.087  -0.085  -0.082  -0.079  -0.075  -0.071  -0.066  -0.063  -0.067  -0.077  -0.091  
-0.094  -0.093  -0.093  -0.092  -0.091  -0.090  -0.089  -0.088  -0.085  -0.082  -0.079  -0.075  -0.071  -0.067  -0.063  -0.059  -0.057  -0.062  -0.074  -0.088  -0.098  
-0.090  -0.089  -0.088  -0.086  -0.084  -0.081  -0.076  -0.073  -0.073  -0.071  -0.068  -0.063  -0.060  -0.062  -0.074  -0.082  -0.087  -0.092  -0.102  -0.110  -0.121  
-0.082  -0.080  -0.078  -0.114  -0.159  -0.148  -0.140  -0.131  -0.127  -0.128  -0.132  -0.131  -0.125  -0.123  -0.122  -0.119  -0.119  -0.125  -0.133  -0.145  -0.152  
9 
  30.00000  40.00000  60.00000  80.00000 100.00000 120.00000 140.00000 160.00000 180.00000 
  -0.31161  -0.40043  -0.49436  -0.51722  -0.53691  -0.54630  -0.46468  -0.24998   0.00000 
9 
-180.00000-160.00000-140.00000-120.00000-100.00000 -80.00000 -60.00000 -40.00000 -30.00000 
   0.00000   0.24998   0.46468   0.54630   0.53691   0.51722   0.49436   0.40043   0.31161 
COEFFICIENT (C*L/NU)I0 (OU BIEN REYNOLDS/MACH) ............    10044612.7629
